N_unmapped	6160682	6160682	6160682
N_multimapping	0	0	0
N_noFeature	23651	277174	279725
N_ambiguous	41105	19121	18884
gene0	118	57	61
gene1	165	85	80
gene2	34	16	18
gene3	533	278	255
gene4	193	102	91
gene6	0	0	0
gene7	2	0	2
gene8	67	34	33
gene9	33	15	18
gene10	399	213	186
gene11	295	141	162
gene12	11	10	9
gene13	108	57	51
gene14	13	2	11
gene15	0	0	0
gene16	4	2	2
gene17	130	49	81
gene18	135	76	59
gene19	145	79	66
gene20	134	69	65
gene21	230	111	119
gene22	19	12	7
gene23	44	25	31
gene24	152	78	86
gene25	84	46	38
gene26	52	24	29
gene27	12	7	6
gene28	15	7	8
gene29	24	14	10
gene30	11	7	4
gene31	10	5	5
gene32	220	109	114
gene33	31	17	17
gene34	58	29	29
gene35	135	70	65
gene36	4	7	5
gene37	37	19	26
gene38	12	5	7
gene39	23	10	13
gene40	167	80	87
gene41	27	15	12
gene42	2	1	2
gene43	4	1	4
gene45	14	9	5
gene47	28	16	12
gene48	2	2	0
gene49	56	41	28
gene50	461	234	240
gene51	38	24	16
gene52	14	7	9
gene53	52	21	31
gene54	83	41	42
gene55	20	10	10
gene56	153	85	73
gene57	6	7	12
gene58	581	258	331
gene59	59	26	36
gene60	55	27	31
gene61	4	1	3
gene62	8	6	2
gene63	112	58	54
gene64	141	70	71
gene65	64	36	28
gene66	107	51	60
gene67	5	8	23
gene68	139	75	83
gene69	40	18	22
gene70	457	238	219
gene71	36	24	17
gene72	25	13	17
gene73	16	6	10
gene74	31	16	15
gene75	47	16	31
gene76	12	5	7
gene77	27	14	21
gene78	59	34	33
gene79	41	20	21
gene80	28	15	14
gene81	45	29	17
gene82	186	92	94
gene83	154	74	80
gene84	45	24	21
gene85	32	7	25
gene86	9	5	4
gene87	20	6	14
gene88	22	12	10
gene89	4	2	2
gene90	110	49	61
gene91	298	165	133
gene92	39	18	21
gene93	110	58	52
gene94	492	246	246
gene95	594	324	270
gene96	80	39	41
gene98	12	6	6
gene99	12	5	7
gene100	5	4	1
gene101	9	3	6
gene102	16	7	9
gene103	300	146	154
gene104	84	36	48
gene105	44	28	16
gene106	214	113	101
gene107	124	69	55
gene108	10	7	3
gene109	18	10	8
gene110	7	1	6
gene111	15	9	6
gene112	2	0	2
gene113	0	0	0
gene114	10	5	5
gene115	25	13	12
gene116	71	43	28
gene117	6	3	3
gene118	2	2	0
gene120	103	49	54
gene121	928	479	449
gene122	82	44	38
gene123	50	23	27
gene124	198	88	110
gene125	36	23	13
gene126	124	60	64
gene127	34	16	18
gene128	199	111	88
gene129	17	7	10
gene130	80	43	37
gene131	43	20	23
gene132	568	270	298
gene133	197	96	101
gene134	83	36	47
gene135	12	8	4
gene137	105	56	49
gene138	178	93	85
gene139	31	14	17
gene140	85	42	43
gene141	50	29	22
gene142	39	24	16
gene143	39	20	19
gene144	25	7	18
gene145	70	32	38
gene146	60	42	28
gene147	0	10	11
gene148	88	31	65
gene149	169	90	79
gene151	137	73	64
gene152	128	64	64
gene153	22	11	11
gene154	100	62	45
gene155	8	5	10
gene156	4	3	1
gene157	4	2	2
gene158	9	5	4
gene159	5	2	3
gene160	4	0	4
gene161	0	0	0
gene162	0	0	0
gene163	118	64	54
gene164	86	53	54
gene165	2	12	11
gene166	9	1	8
gene168	0	0	0
gene169	0	0	0
gene170	55	26	29
gene171	1	1	0
gene173	31	14	17
gene174	12	4	8
gene175	2	2	0
gene176	3	0	3
gene177	12	8	4
gene178	11	9	2
gene179	606	273	333
gene180	902	452	450
gene181	243	112	131
gene182	21	9	12
gene184	44	20	24
gene185	1	1	0
gene186	21	12	9
gene187	19	9	14
gene188	118	70	52
gene189	84	47	37
gene190	92	50	42
gene191	6	4	2
gene192	0	0	0
gene193	16	6	10
gene194	41	21	28
gene195	100	48	60
gene196	58	31	27
gene197	226	110	116
gene198	127	53	74
gene199	113	62	51
gene200	73	27	48
gene201	82	47	37
gene202	30	20	12
gene203	91	50	43
gene204	112	61	51
gene205	82	43	39
gene206	481	245	236
gene207	634	298	336
gene208	53	32	21
gene209	117	65	52
gene210	11	5	6
gene211	115	58	57
gene212	525	264	261
gene213	66	40	26
gene214	19	11	8
gene215	818	437	381
gene216	36	24	18
gene217	31	17	20
gene218	122	58	64
gene219	8	8	14
gene220	67	47	36
gene221	15	16	18
gene222	69	45	41
gene223	415	204	211
gene224	114	55	59
gene225	255	130	125
gene226	57	30	27
gene227	10	7	8
gene228	4	7	2
gene229	31	20	15
gene230	32	14	22
gene231	17	8	9
gene232	37	22	15
gene233	19	12	7
gene234	95	54	41
gene235	110	55	61
gene236	53	27	32
gene237	56	27	29
gene238	6	4	2
gene239	8	3	5
gene240	119	55	64
gene241	133	69	64
gene242	147	81	72
gene243	434	240	200
gene244	42	14	28
gene245	371	178	194
gene246	378	191	188
gene247	125	61	64
gene248	37	26	11
gene249	13	4	9
gene250	4	2	2
gene251	22	13	9
gene252	168	79	89
gene253	105	58	52
gene254	23	8	20
gene255	104	51	53
gene256	184	91	93
gene257	392	209	183
gene258	81	31	50
gene259	309	148	161
gene260	15	5	10
gene261	110	58	53
gene262	65	33	33
gene263	26	16	10
gene264	22	11	11
gene265	11	5	6
gene266	46	20	27
gene267	37	17	21
gene268	88	39	49
gene269	35	15	20
gene270	60	28	35
gene271	17	9	11
gene272	3	2	1
gene273	18	9	13
gene274	143	63	84
gene275	190	87	103
gene276	42	23	19
gene277	29	10	19
gene278	35	22	13
gene279	128	65	63
gene280	283	139	156
gene281	210	107	115
gene282	9	4	5
gene283	3	1	2
gene284	2	1	1
gene285	3	2	1
gene286	17	7	10
gene287	131	68	63
gene288	376	204	172
gene289	192	100	92
gene290	62	29	33
gene291	36	21	22
gene292	13	8	12
gene293	2	1	1
gene294	3	2	1
gene295	10	7	3
gene296	5	3	2
gene298	30	18	14
gene299	38	28	20
gene300	26	17	18
gene301	8	5	10
gene302	32	21	17
gene303	50	27	23
gene304	15	9	6
gene305	68	33	35
gene306	96	48	48
gene307	113	48	65
gene308	95	46	49
gene310	6	4	2
gene311	4	3	1
gene312	5	2	3
gene313	111	66	45
gene314	27	14	13
gene315	4	3	1
gene316	21	14	7
gene317	43	26	17
gene318	29	13	16
gene319	14	4	10
gene320	8	2	6
gene321	1	0	1
gene322	1	1	0
gene323	4	3	1
gene324	16	11	5
gene325	38	23	15
gene326	3	2	1
gene327	78	45	33
gene328	59	23	36
gene329	149	87	68
gene330	22	15	13
gene331	19	9	10
gene332	10	6	4
gene333	7	4	3
gene334	5	1	4
gene335	8	3	5
gene336	0	0	0
gene337	1	0	1
gene338	2	2	0
gene339	1	0	1
gene340	59	32	27
gene341	51	22	29
gene342	144	77	67
gene343	94	44	50
gene344	128	81	58
gene345	35	28	18
gene346	21	11	10
gene347	25	15	10
gene348	45	27	18
gene349	68	34	35
gene350	691	337	355
gene351	113	60	53
gene352	33	20	13
gene353	239	120	119
gene354	84	44	40
gene355	29	13	16
gene356	421	233	188
gene357	131	54	77
gene358	25	13	12
gene359	545	276	269
gene360	470	225	245
gene361	2	1	1
gene362	8	4	4
gene363	17	6	11
gene364	18	10	8
gene365	59	28	31
gene366	69	32	37
gene367	74	36	38
gene368	35	17	18
gene369	85	52	33
gene370	62	33	29
gene371	26	10	16
gene372	84	39	46
gene373	14	6	9
gene374	123	68	55
gene375	437	216	221
gene376	22	8	14
gene377	29	16	13
gene378	56	32	24
gene379	100	52	48
gene380	41	21	20
gene381	2345	1183	1162
gene382	1061	558	503
gene383	96	47	49
gene384	266	128	138
gene385	38	22	16
gene386	205	112	93
gene387	51	34	17
gene388	301	148	153
gene389	142	77	65
gene390	29	13	16
gene391	12	5	7
gene392	10	4	6
gene393	16	6	10
gene394	108	59	49
gene395	16	8	8
gene396	254	121	133
gene397	412	216	196
gene398	524	260	264
gene399	0	0	0
gene400	155	66	89
gene401	23	9	14
gene402	9	2	7
gene403	14	8	6
gene404	111	55	58
gene405	37	18	21
gene406	9	3	6
gene407	6	4	2
gene408	13	4	9
gene409	59	31	28
gene410	42	27	15
gene411	11	7	4
gene412	56	28	28
gene413	24	11	13
gene414	7	4	3
gene415	33	13	20
gene416	7	2	5
gene417	12	5	7
gene418	33	15	18
gene419	52	25	27
gene420	13	5	8
gene421	10	3	7
gene422	30	15	15
gene423	5	1	4
gene424	6	3	3
gene425	27	12	15
gene426	3	2	1
gene427	3	2	1
gene428	4	2	2
gene429	18	9	9
gene430	30	10	20
gene431	32	19	14
gene432	8	3	6
gene433	362	182	180
gene434	176	91	85
gene435	20	12	8
gene436	187	104	83
gene437	135	71	64
gene438	96	54	42
gene439	67	36	31
gene440	16	10	6
gene441	17	11	11
gene442	17	10	12
gene443	24	14	12
gene444	39	23	18
gene445	97	57	40
gene446	75	33	42
gene447	81	32	49
gene448	235	120	115
gene449	318	159	159
gene450	73	41	32
gene451	290	149	141
gene452	22	12	10
gene453	15	8	7
gene454	3	3	0
gene455	3	1	2
gene456	13	8	5
gene457	4	2	2
gene458	6	1	5
gene459	69	29	40
gene460	202	97	105
gene461	12	5	7
gene462	27	12	15
gene463	26	13	13
gene464	45	16	29
gene465	100	55	45
gene466	263	124	139
gene467	302	154	148
gene468	54	28	29
gene469	194	89	108
gene470	28	13	15
gene471	61	33	28
gene472	352	178	174
gene473	255	135	120
gene474	78	43	35
gene475	31	13	18
gene476	61	25	36
gene477	31	24	7
gene478	117	65	52
gene479	55	19	36
gene480	47	22	25
gene481	33	13	20
gene482	69	38	31
gene483	188	94	94
gene484	4	2	2
gene485	50	25	25
gene486	29	16	13
gene487	25	13	12
gene488	27	16	11
gene490	27	13	14
gene491	27	14	18
gene492	257	139	123
gene493	28	15	13
gene494	21	15	10
gene495	36	18	22
gene496	1091	539	552
gene497	79	28	51
gene498	128	53	75
gene499	34	16	18
gene500	13	7	10
gene501	13	10	7
gene502	31	16	15
gene503	11	10	6
gene504	33	22	16
gene505	33	22	11
gene506	57	27	30
gene507	1104	560	544
gene508	2007	1014	993
gene509	203	93	110
gene510	66	34	32
gene511	56	28	28
gene512	87	51	36
gene513	54	25	29
gene514	31	12	19
gene515	48	23	25
gene516	93	49	49
gene517	37	20	22
gene518	0	0	0
gene519	302	160	142
gene520	78	32	46
gene521	31	23	8
gene522	28	20	8
gene523	32	17	15
gene524	55	25	30
gene525	66	29	37
gene526	34	23	11
gene527	210	112	98
gene528	243	128	134
gene529	46	32	33
gene530	87	36	51
gene531	187	99	88
gene532	7	7	2
gene533	45	23	27
gene534	181	83	101
gene535	738	387	351
gene536	57	39	18
gene537	8	19	17
gene538	151	93	86
gene539	109	46	63
gene540	52	25	27
gene541	7	3	4
gene542	73	31	42
gene543	37	17	20
gene544	226	134	92
gene545	48	23	25
gene546	6	2	4
gene547	264	128	136
gene548	202	98	104
gene549	87	41	46
gene550	103	59	52
gene551	79	45	42
gene552	270	149	121
gene553	115	70	45
gene554	16	3	13
gene555	8	4	4
gene556	118	54	64
gene557	54	26	28
gene558	23	15	8
gene559	17	13	10
gene560	81	41	46
gene561	66	30	36
gene562	138	75	63
gene563	107	64	43
gene564	54	30	24
gene565	310	153	157
gene566	643	331	312
gene567	818	427	391
gene568	333	165	168
gene569	180	84	96
gene570	423	217	206
gene571	25	12	13
gene574	542	236	306
gene575	92	47	45
gene576	588	288	300
gene577	206	90	116
gene578	514	263	251
gene579	311	160	151
gene580	95	41	54
gene581	123	65	60
gene582	9	7	4
gene583	96	49	47
gene584	50	27	23
gene585	14	7	7
gene586	51	25	26
gene587	155	75	80
gene588	67	37	30
gene589	17	13	4
gene590	38	19	19
gene591	17	9	8
gene592	14	8	6
gene593	14	6	8
gene594	12	8	4
gene595	19	11	8
gene596	35	22	13
gene597	217	123	118
gene598	81	57	48
gene599	266	133	133
gene600	61	27	34
gene601	16	4	12
gene602	66	29	37
gene603	23	11	12
gene604	177	96	84
gene605	9	11	1
gene606	2	1	1
gene607	32	18	14
gene608	17	12	5
gene609	71	36	35
gene610	10	2	8
gene611	25	10	15
gene612	42	23	19
gene613	81	49	36
gene614	1	3	2
gene615	35	22	13
gene616	1	0	1
gene617	0	0	0
gene619	2182	1068	1114
gene620	68	35	33
gene621	167	79	89
gene622	29	18	16
gene623	37	20	21
gene624	4	2	2
gene625	12	5	7
gene626	96	53	43
gene627	83	39	44
gene628	95	55	40
gene629	385	176	209
gene630	9	0	9
gene631	41	23	18
gene632	43	19	24
gene633	39	16	23
gene634	48	20	28
gene635	243	124	119
gene636	629	314	315
gene637	68	27	41
gene638	69	37	32
gene639	29	23	8
gene640	50	24	29
gene641	49	28	22
gene642	27	12	15
gene643	3	1	2
gene644	22	5	17
gene645	4	2	2
gene646	9	4	5
gene647	83	47	36
gene648	84	41	43
gene649	210	98	112
gene650	57	33	24
gene651	3	3	0
gene652	3	2	1
gene653	17	9	8
gene654	1	1	0
gene655	54	34	20
gene656	4	2	2
gene657	2	0	2
gene658	0	0	0
gene659	7	4	3
gene660	9	4	5
gene662	5	0	5
gene663	10	6	4
gene664	1	0	1
gene665	6	3	3
gene666	2	1	1
gene667	62	33	29
gene668	6	3	3
gene669	5	8	3
gene670	14	7	13
gene671	13	6	7
gene672	66	32	34
gene673	158	82	76
gene674	303	158	145
gene675	55	30	31
gene676	3	3	7
gene677	37	17	21
gene678	74	36	38
gene679	123	46	77
gene680	49	28	21
gene681	52	30	22
gene682	29	14	15
gene683	25	16	9
gene684	224	138	86
gene685	30	16	14
gene686	202	108	94
gene687	161	84	78
gene688	220	103	118
gene694	61	35	26
gene695	56	32	24
gene696	28	9	19
gene697	4	1	3
gene698	20	16	4
gene699	0	0	0
gene700	32	10	22
gene701	72	35	39
gene702	3	3	2
gene703	6	4	2
gene704	4	2	2
gene705	16	9	7
gene706	43	17	26
gene708	5	5	0
gene709	3	1	2
gene710	9	2	7
gene711	23	16	8
gene712	125	57	70
gene713	255	134	122
gene714	100	49	51
gene715	155	84	71
gene716	247	126	121
gene717	48	28	20
gene718	71	33	38
gene719	36	16	20
gene720	147	67	80
gene721	944	464	480
gene722	69	34	35
gene723	77	36	41
gene724	117	75	66
gene725	14	18	22
gene726	20	11	11
gene727	13	5	8
gene728	18	12	6
gene729	5	4	1
gene730	87	52	35
gene731	29	12	17
gene732	77	38	46
gene733	28	16	19
gene734	7	5	2
gene735	27	12	15
gene736	39	19	20
gene737	13	9	4
gene738	7	3	4
gene739	262	132	130
gene740	99	58	41
gene741	32	20	12
gene742	2384	1216	1168
gene747	21	8	13
gene748	1	0	1
gene749	2	0	2
gene750	2	1	1
gene751	29	17	12
gene752	12	8	4
gene753	18	10	8
gene755	44	24	20
gene756	124	61	63
gene757	17	10	7
gene758	28	10	18
gene759	3	2	1
gene760	3	3	0
gene761	3	2	1
gene762	49	26	23
gene763	118	60	58
gene764	47	25	22
gene765	85	53	32
gene766	18	6	12
gene768	50	18	32
gene769	4	2	2
gene770	3	0	3
gene771	29	17	12
gene772	2	0	2
gene773	0	0	0
gene775	3	1	2
gene776	6	2	4
gene777	0	0	0
gene778	1	1	0
gene779	118	58	60
gene781	246	130	116
gene782	367	193	174
gene783	47	19	28
gene784	6	1	5
gene785	5	4	1
gene787	1	0	1
gene788	2	1	1
gene789	2	2	0
gene791	14	5	9
gene792	6	4	2
gene793	1	1	0
gene794	8	4	4
gene795	9	4	5
gene796	3	1	2
gene797	15	8	7
gene798	2	3	0
gene799	4	3	2
gene800	2	2	0
gene801	6	3	3
gene802	1	1	0
gene803	8	2	6
gene804	14	4	10
gene805	36	20	16
gene806	18	9	9
gene807	4	1	3
gene808	10	6	4
gene809	14	8	6
gene810	274	134	140
gene811	20	12	8
gene812	44	18	26
gene813	15	8	7
gene814	47	23	24
gene815	9	5	4
gene816	362	163	199
gene817	15	9	6
gene818	34	17	17
gene819	19	11	8
gene820	43	18	25
gene821	78	39	39
gene822	23	11	12
gene823	2	2	0
gene824	15	7	8
gene826	96	48	48
gene827	48	17	31
gene828	70	35	35
gene829	50	26	24
gene830	30	14	16
gene831	32	19	13
gene832	49	32	17
gene833	90	46	44
gene834	369	172	197
gene835	450	237	213
gene836	102	50	52
gene837	638	323	315
gene838	366	203	163
gene839	390	196	194
gene840	85	42	43
gene841	71	36	35
gene842	122	49	73
gene843	321	154	167
gene844	40	22	18
gene845	40	15	28
gene846	32	19	16
gene847	114	61	53
gene848	306	141	165
gene849	84	43	41
gene850	171	85	103
gene851	122	65	74
gene852	103	58	45
gene853	830	387	443
gene854	96	64	32
gene855	121	62	59
gene856	17	5	12
gene857	112	56	56
gene858	69	31	38
gene859	41	20	21
gene860	7	4	3
gene861	33	15	18
gene862	227	96	131
gene863	27	16	11
gene864	8	3	7
gene865	7	5	4
gene866	8	3	5
gene867	28	20	8
gene868	174	81	97
gene869	75	46	33
gene870	218	110	108
gene871	37	24	30
gene872	17	13	21
gene873	167	90	77
gene874	37	17	20
gene875	301	148	153
gene876	79	47	32
gene877	22	9	13
gene878	11	2	9
gene884	5	3	2
gene885	171	90	81
gene886	34	19	15
gene887	98	54	44
gene888	25	13	12
gene889	10	9	6
gene890	2	4	3
gene891	48	28	31
gene892	24	18	17
gene893	37	21	16
gene894	1	1	0
gene896	0	0	0
gene897	2	0	2
gene898	52	26	26
gene899	14	8	6
gene900	1	1	0
gene901	48	28	25
gene902	62	28	39
gene903	58	33	25
gene904	7	1	9
gene905	21	13	11
gene906	6	2	5
gene907	40	16	25
gene908	17	12	5
gene909	32	20	18
gene910	7	6	7
gene911	21	16	5
gene912	5	1	4
gene913	2	1	1
gene914	3	0	3
gene915	7	2	5
gene916	6	1	5
gene917	5	3	2
gene918	2	2	0
gene919	3	2	1
gene920	116	56	60
gene921	38	18	20
gene922	49	26	23
gene923	67	32	35
gene924	29	16	13
gene925	16	7	9
gene926	156	79	84
gene927	24	17	14
gene928	13	8	5
gene930	1	1	0
gene931	1	1	0
gene932	16	8	8
gene933	6	3	3
gene934	15	4	11
gene935	3	2	1
gene936	25	9	16
gene937	22	10	12
gene938	27	12	15
gene939	9	5	4
gene940	8	3	5
gene941	12	4	8
gene943	47	32	15
gene944	50	28	22
gene945	53	35	18
gene946	1	6	7
gene947	35	24	23
gene948	145	74	71
gene950	51	24	27
gene951	46	22	24
gene952	41	24	17
gene953	163	85	78
gene954	426	214	212
gene955	37	19	18
gene956	60	27	33
gene957	110	58	52
gene958	121	62	59
gene959	226	116	110
gene960	71	37	34
gene961	91	44	47
gene962	173	86	87
gene963	122	66	56
gene964	191	107	84
gene965	66	30	37
gene966	0	1	0
gene967	2	2	0
gene968	100	49	51
gene969	37	17	20
gene970	27	17	10
gene971	9	4	5
gene972	5	2	3
gene973	11	8	3
gene974	6	2	4
gene975	9	3	6
gene976	30	18	12
gene977	0	0	0
gene978	6	4	2
gene979	26	11	15
gene980	84	31	53
gene981	48	23	25
gene982	51	26	25
gene983	41	20	25
gene984	57	28	33
gene985	438	204	234
gene986	24	14	10
gene987	0	0	0
gene988	3	1	2
gene989	187	82	105
gene990	74	43	31
gene991	981	483	498
gene992	393	189	204
gene994	29	17	12
gene995	36	19	17
gene996	181	82	99
gene997	65	31	34
gene998	97	46	51
gene999	98	51	47
gene1000	40	20	20
gene1001	21	9	12
gene1002	277	137	140
gene1003	32	13	19
gene1004	11	3	8
gene1005	11	7	4
gene1006	43	20	23
gene1007	18	12	6
gene1008	73	34	39
gene1009	56	23	33
gene1010	8	3	5
gene1011	131	66	65
gene1012	76	34	42
gene1013	79	38	41
gene1014	17	4	13
gene1015	209	112	97
gene1016	63	24	39
gene1017	124	55	70
gene1018	75	45	31
gene1019	64	30	34
gene1020	37	19	18
gene1021	28	8	20
gene1022	40	23	17
gene1023	26	13	13
gene1024	24	12	12
gene1025	95	48	47
gene1026	777	379	398
gene1027	2	1	1
gene1028	221	109	112
gene1029	86	41	45
gene1030	24	12	12
gene1031	14	9	5
gene1032	116	53	68
gene1033	4	6	1
gene1034	9	4	5
gene1035	17	9	8
gene1036	173	100	95
gene1037	56	41	37
gene1038	35	14	21
gene1039	33	14	19
gene1040	121	65	56
gene1041	45	28	17
gene1042	20	11	9
gene1044	15	6	9
gene1045	4	3	1
gene1046	3	1	2
gene1047	3	3	0
gene1048	3	1	2
gene1049	2	1	1
gene1050	25	11	14
gene1051	45	28	17
gene1052	8	4	4
gene1053	4	2	2
gene1054	2	2	0
gene1055	184	72	112
gene1056	40	18	22
gene1057	162	79	83
gene1058	1	10	8
gene1059	147	83	81
gene1060	69	36	33
gene1061	34	19	22
gene1062	7	6	8
gene1063	0	0	0
gene1064	12	11	1
gene1065	1	1	0
gene1066	5	4	1
gene1067	47	19	28
gene1068	254	147	129
gene1069	42	36	28
gene1070	43	23	20
gene1071	49	20	29
gene1072	95	41	54
gene1073	69	42	27
gene1074	13	6	7
gene1075	32	15	17
gene1076	35	18	17
gene1077	23	12	11
gene1078	1	1	0
gene1079	41	27	14
gene1080	7	5	2
gene1081	11	7	4
gene1082	10	7	3
gene1083	27	12	15
gene1084	13	6	7
gene1085	17	6	11
gene1086	11	7	4
gene1087	3	2	1
gene1089	17	7	10
gene1090	20	11	9
gene1091	1100	572	528
gene1092	46	18	28
gene1093	5	4	1
gene1094	1	0	1
gene1095	7	2	5
gene1097	4	2	4
gene1098	9	6	5
gene1099	25	13	15
gene1100	124	64	63
gene1101	43	21	22
gene1102	14	9	5
gene1103	16	8	8
gene1104	0	0	0
gene1105	2	3	1
gene1106	20	10	12
gene1107	20	10	10
gene1108	164	89	75
gene1109	61	30	31
gene1110	29	14	15
gene1111	61	30	31
gene1112	61	24	37
gene1113	54	26	28
gene1114	53	33	20
gene1115	75	27	48
gene1116	100	45	55
gene1117	128	65	63
gene1118	138	74	64
gene1119	510	256	254
gene1120	32	18	14
gene1121	55	31	24
gene1122	377	189	188
gene1123	57	32	25
gene1124	16	10	6
gene1125	18	9	9
gene1126	7	3	4
gene1127	1	1	0
gene1128	9	4	5
gene1129	78	38	40
gene1130	63	37	26
gene1131	86	44	42
gene1132	27	18	9
gene1133	36	20	16
gene1134	53	22	31
gene1135	5	6	3
gene1136	11	8	7
gene1137	5	1	4
gene1138	16	10	6
gene1139	3	1	2
gene1140	23	10	13
gene1141	0	0	0
gene1142	0	0	0
gene1143	5	0	5
gene1144	20	10	10
gene1145	0	0	0
gene1146	51	23	33
gene1147	23	13	15
gene1149	51	27	24
gene1150	40	16	24
gene1151	33	18	15
gene1152	47	27	20
gene1153	33	14	19
gene1154	700	374	326
gene1155	24	19	16
gene1156	61	38	34
gene1157	49	24	25
gene1158	623	307	317
gene1159	76	36	41
gene1160	72	25	47
gene1161	176	94	82
gene1162	209	93	116
gene1163	497	231	266
gene1164	25	14	11
gene1165	0	0	0
gene1166	4	1	3
gene1167	37	15	22
gene1168	3	0	3
gene1169	7	2	5
gene1170	23	15	8
gene1171	26	15	11
gene1172	6	2	4
gene1173	8	3	5
gene1174	27	11	16
gene1175	15	7	8
gene1176	23	14	9
gene1177	797	394	403
gene1178	410	210	200
gene1179	151	75	76
gene1180	92	45	47
gene1181	27	8	19
gene1182	98	51	47
gene1183	21	9	12
gene1184	20	7	13
gene1185	120	62	58
gene1186	327	173	154
gene1187	24	11	13
gene1188	108	51	57
gene1189	678	313	365
gene1190	355	184	171
gene1191	335	170	166
gene1192	7	2	6
gene1193	91	43	48
gene1194	37	19	18
gene1195	3	1	2
gene1196	8	4	4
gene1197	14	6	8
gene1198	8	3	5
gene1199	0	0	0
gene1200	1	0	1
gene1201	1	0	1
gene1202	8	5	3
gene1204	0	0	0
gene1205	6	8	9
gene1206	16	15	12
gene1207	23	13	10
gene1208	46	19	27
gene1209	1	0	2
gene1210	55	29	27
gene1211	1362	661	701
gene1212	3298	1684	1614
gene1213	391	199	192
gene1214	162	84	78
gene1215	519	242	277
gene1216	2	2	0
gene1217	26	6	20
gene1218	2	2	0
gene1219	422	232	215
gene1220	44	39	30
gene1221	24	14	10
gene1222	36	16	20
gene1223	22	13	9
gene1224	76	39	37
gene1225	20	10	12
gene1226	52	28	26
gene1227	185	93	92
gene1228	100	51	49
gene1230	14	7	7
gene1231	61	39	36
gene1232	5	9	9
gene1233	11	6	5
gene1234	14	6	8
gene1235	1	0	1
gene1236	3	0	3
gene1238	3	1	2
gene1240	1	1	0
gene1241	0	0	0
gene1243	3	1	2
gene1244	12	5	7
gene1245	9	5	4
gene1246	4	7	0
gene1247	22	14	11
gene1248	11	6	5
gene1249	7	2	5
gene1250	24	15	9
gene1251	7	4	3
gene1252	20	9	11
gene1253	5	5	0
gene1254	5	1	4
gene1255	6	2	4
gene1256	6	2	4
gene1257	9	3	6
gene1258	5	2	3
gene1259	2	1	1
gene1260	12	6	6
gene1261	9	4	5
gene1262	246	115	131
gene1265	14	7	7
gene1266	3	2	1
gene1268	1	0	1
gene1269	23	16	7
gene1270	4	1	3
gene1271	20	13	7
gene1272	15	6	9
gene1273	8	2	6
gene1274	16	11	5
gene1275	4	0	4
gene1276	6	6	0
gene1277	4	3	1
gene1278	1	1	0
gene1279	0	0	0
gene1280	0	0	0
gene1281	10	6	4
gene1282	0	0	0
gene1283	0	0	0
gene1284	5	0	5
gene1285	2	1	1
gene1286	1	0	1
gene1287	2	2	0
gene1288	2	0	2
gene1289	1	1	0
gene1290	1	1	0
gene1291	1	1	0
gene1292	8	4	4
gene1293	5	2	3
gene1294	11	6	5
gene1295	1	0	1
gene1296	0	0	0
gene1297	16	6	10
gene1298	8	4	4
gene1299	16	7	9
gene1301	39	22	18
gene1302	85	38	47
gene1303	100	47	53
gene1304	414	206	208
gene1305	121	58	63
gene1306	224	112	112
gene1307	203	101	102
gene1308	63	34	29
gene1309	39	19	20
gene1310	20	9	11
gene1311	246	127	119
gene1312	134	63	71
gene1313	34	14	20
gene1314	75	45	30
gene1315	195	80	115
gene1316	28	20	8
gene1317	15	8	7
gene1318	283	151	132
gene1319	161	91	70
gene1320	41	24	17
gene1321	121	68	53
gene1322	158	75	83
gene1323	204	105	99
gene1324	174	89	85
gene1325	326	146	180
gene1326	184	88	96
gene1327	119	75	44
gene1328	55	28	27
gene1329	14	7	7
gene1330	99	56	43
gene1331	377	164	213
gene1332	32	15	17
gene1333	33	17	16
gene1334	16	9	7
gene1335	399	196	203
gene1336	275	133	142
gene1337	18	12	6
gene1338	0	0	0
gene1339	11	2	9
gene1340	12	8	4
gene1341	6	8	4
gene1342	33	19	23
gene1343	802	396	409
gene1344	20	9	12
gene1345	20	9	12
gene1346	29	14	15
gene1347	45	22	23
gene1348	21	12	9
gene1349	2	1	1
gene1350	3	0	3
gene1351	243	121	123
gene1352	9	3	7
gene1353	13	11	2
gene1354	30	15	15
gene1355	291	140	151
gene1356	259	126	133
gene1357	209	117	92
gene1358	434	210	224
gene1359	222	108	114
gene1360	22	10	12
gene1361	127	59	68
gene1362	518	256	262
gene1363	332	184	148
gene1365	8	10	4
gene1366	17	14	9
gene1367	3	3	0
gene1368	23	10	13
gene1369	10	2	8
gene1370	26	12	14
gene1371	87	38	49
gene1372	23	9	15
gene1373	12	4	9
gene1374	2	0	2
gene1375	0	0	0
gene1376	16	8	9
gene1377	36	14	23
gene1378	19	14	5
gene1379	15	10	5
gene1380	269	142	127
gene1381	133	78	55
gene1382	579	316	263
gene1383	73	45	28
gene1384	29	10	19
gene1385	34	19	15
gene1386	17	9	8
gene1387	23	12	11
gene1388	9	6	3
gene1389	4	3	1
gene1390	44	23	21
gene1391	7	4	3
gene1392	6	3	3
gene1393	85	40	45
gene1394	1	2	7
gene1395	8	8	8
gene1396	5	2	3
gene1397	5	4	1
gene1398	6	5	3
gene1399	16	7	11
gene1401	26	11	15
gene1402	21	8	13
gene1403	16	11	5
gene1404	57	29	33
gene1405	19	11	13
gene1406	7	5	2
gene1407	9	5	4
gene1408	62	35	27
gene1409	57	32	25
gene1410	172	89	83
gene1411	39	18	21
gene1412	64	31	33
gene1413	207	98	109
gene1414	59	20	39
gene1415	24	13	11
gene1416	28	22	6
gene1417	75	33	42
gene1418	49	27	22
gene1419	423	219	204
gene1420	16	10	7
gene1421	42	23	21
gene1422	7	5	3
gene1423	384	197	187
gene1424	15	5	10
gene1425	7	3	4
gene1426	79	37	42
gene1427	73	36	37
gene1428	36	20	16
gene1429	154	83	71
gene1430	187	81	106
gene1431	135	70	65
gene1432	42	17	25
gene1433	56	25	31
gene1434	64	35	29
gene1435	72	40	32
gene1436	28	13	15
gene1437	50	30	22
gene1438	10	4	8
gene1439	5	6	1
gene1440	41	23	20
gene1441	18	16	13
gene1442	52	33	30
gene1443	2	0	2
gene1444	1	0	1
gene1445	7	3	4
gene1446	8	4	4
gene1447	0	0	0
gene1448	8	6	2
gene1450	2	0	2
gene1451	25	23	2
gene1452	1	0	1
gene1453	4	2	2
gene1454	1	0	1
gene1455	2	0	2
gene1456	0	0	0
gene1457	6	3	6
gene1458	16	6	13
gene1459	1	1	0
gene1460	1	0	1
gene1461	8	2	6
gene1462	16	7	9
gene1463	9	4	5
gene1464	166	90	76
gene1465	12	8	4
gene1466	18	8	10
gene1467	21	8	13
gene1468	17	10	7
gene1469	16	12	4
gene1470	39	17	22
gene1471	14	10	6
gene1472	29	18	13
gene1473	17	7	10
gene1474	49	23	26
gene1475	51	32	29
gene1476	13	10	16
gene1477	56	24	35
gene1478	14	9	5
gene1479	19	4	15
gene1480	19	13	6
gene1481	48	19	29
gene1482	54	16	38
gene1483	21	13	8
gene1484	93	47	46
gene1485	20	9	11
gene1486	148	67	81
gene1487	25	10	15
gene1489	3	3	0
gene1490	6	4	2
gene1491	7	4	3
gene1492	1	0	1
gene1493	0	0	0
gene1494	4	3	1
gene1495	24	13	13
gene1496	33	22	13
gene1497	44	25	19
gene1498	96	54	42
gene1499	6	2	4
gene1500	6	5	1
gene1501	40	16	24
gene1502	3	2	1
gene1503	4	2	2
gene1504	12	7	5
gene1505	2	1	1
gene1506	0	0	0
gene1507	1	0	1
gene1508	3	1	2
gene1509	10	5	5
gene1510	19	6	13
gene1511	33	20	13
gene1512	16	10	6
gene1513	21	12	9
gene1514	17	8	9
gene1515	18	7	11
gene1516	42	24	19
gene1517	58	24	43
gene1518	6	9	5
gene1519	102	44	58
gene1520	83	45	38
gene1521	41	20	21
gene1522	110	56	56
gene1523	5	4	3
gene1524	13	5	8
gene1525	17	10	7
gene1526	3	1	2
gene1527	30	21	9
gene1529	4	1	3
gene1530	3	2	1
gene1531	1	1	0
gene1532	5	3	2
gene1533	110	51	59
gene1534	113	59	56
gene1535	18	10	10
gene1536	27	18	10
gene1537	46	21	26
gene1538	91	50	41
gene1539	308	148	160
gene1540	273	137	136
gene1541	61	37	24
gene1542	182	87	95
gene1544	13	7	6
gene1545	6	2	4
gene1546	35	19	16
gene1547	480	239	241
gene1548	34	19	15
gene1549	103	56	47
gene1550	11	6	5
gene1551	50	31	25
gene1552	156	60	102
gene1553	12	5	7
gene1554	15	8	7
gene1555	4	2	2
gene1556	32	22	10
gene1558	71	42	29
gene1559	39	19	20
gene1560	182	97	85
gene1561	39	18	21
gene1562	37	18	19
gene1563	26	13	15
gene1564	50	24	28
gene1566	10	6	9
gene1567	26	16	15
gene1568	111	56	55
gene1569	127	73	58
gene1570	24	18	10
gene1571	72	44	30
gene1572	27	14	15
gene1573	109	65	44
gene1576	10	5	5
gene1577	67	34	33
gene1578	12	8	9
gene1579	24	14	15
gene1580	11	3	10
gene1581	32	22	18
gene1582	8	6	8
gene1583	9	2	7
gene1584	401	211	190
gene1585	18	13	5
gene1586	11	3	8
gene1587	14	7	7
gene1588	18	9	9
gene1589	918	466	455
gene1590	184	110	86
gene1591	92	47	54
gene1592	8	2	6
gene1593	10	7	3
gene1594	2	0	2
gene1595	4	1	3
gene1596	31	15	16
gene1597	4	3	1
gene1599	0	0	0
gene1601	143	74	69
gene1602	9	3	6
gene1603	69	33	36
gene1604	0	0	0
gene1605	36	18	18
gene1606	45	21	24
gene1607	282	134	148
gene1608	74	44	30
gene1609	36	18	18
gene1610	45	23	28
gene1611	0	3	3
gene1612	2	1	1
gene1613	6	5	1
gene1614	3	2	1
gene1615	7	4	3
gene1616	5	4	2
gene1617	5	3	3
gene1619	20	7	13
gene1621	29	15	14
gene1622	31	17	14
gene1623	216	107	109
gene1624	43	20	23
gene1625	42	17	25
gene1626	26	9	17
gene1628	47	24	23
gene1629	27	12	15
gene1630	26	12	14
gene1631	10	4	6
gene1632	82	39	43
gene1633	72	28	44
gene1634	347	180	167
gene1635	53	29	24
gene1636	27	12	15
gene1637	123	55	68
gene1638	29	13	16
gene1639	75	46	29
gene1640	12	6	6
gene1641	71	35	36
gene1642	174	87	87
gene1643	269	149	120
gene1644	414	209	205
gene1645	554	288	266
gene1646	89	54	35
gene1647	84	50	34
gene1648	84	46	38
gene1649	58	26	32
gene1650	35	23	12
gene1651	98	56	42
gene1652	7	3	4
gene1653	60	34	26
gene1654	11	10	1
gene1655	13	11	2
gene1656	63	35	28
gene1657	311	152	159
gene1658	24	12	12
gene1659	37	19	18
gene1660	77	37	40
gene1661	43	17	26
gene1662	40	29	11
gene1663	16	9	7
gene1664	363	167	196
gene1665	228	119	109
gene1666	82	34	48
gene1670	59	36	23
gene1671	79	37	42
gene1672	24	14	10
gene1673	19	8	12
gene1674	90	45	46
gene1675	19	11	8
gene1676	4	3	1
gene1677	1	0	1
gene1678	59	28	31
gene1679	159	79	80
gene1680	278	149	129
gene1681	159	97	65
gene1682	23	10	16
gene1683	2	1	1
gene1684	3	1	2
gene1685	6	2	4
gene1686	9	3	6
gene1687	3	1	2
gene1688	53	37	16
gene1689	92	44	48
gene1693	15	5	10
gene1694	5	3	2
gene1695	5	3	3
gene1696	35	15	21
gene1697	30	12	18
gene1698	13	6	7
gene1699	679	340	339
gene1700	359	183	176
gene1701	1285	625	660
gene1702	1842	962	880
gene1703	573	262	311
gene1704	778	391	387
gene1705	258	127	131
gene1706	56	26	30
gene1707	18	7	11
gene1708	33	14	19
gene1709	61	26	35
gene1710	32	15	17
gene1711	65	38	27
gene1712	44	27	17
gene1713	84	39	45
gene1714	35	16	25
gene1715	29	22	13
gene1716	7	3	5
gene1717	80	55	26
gene1718	20	12	9
gene1719	11	9	3
gene1720	90	47	43
gene1721	44	21	27
gene1722	103	48	59
gene1723	126	45	81
gene1724	27	13	14
gene1725	17	9	8
gene1726	7	2	5
gene1727	5	2	3
gene1728	30	11	19
gene1729	6	3	3
gene1730	20	10	10
gene1731	62	24	41
gene1732	25	15	13
gene1734	4	1	3
gene1736	19	10	9
gene1737	1	1	0
gene1738	15	6	9
gene1739	15	10	9
gene1740	3	4	3
gene1741	3	2	1
gene1742	50	24	26
gene1743	2	2	0
gene1744	4	3	1
gene1745	36	16	20
gene1746	13	14	3
gene1747	11	5	10
gene1748	45	17	28
gene1749	15	11	7
gene1750	2	4	1
gene1751	195	105	90
gene1752	54	20	34
gene1753	90	42	48
gene1754	13	10	6
gene1755	15	6	12
gene1756	13	6	7
gene1757	0	0	0
gene1758	11	7	5
gene1759	0	0	1
gene1760	12	6	8
gene1761	4	1	5
gene1762	7	5	2
gene1763	39	19	20
gene1764	10	4	6
gene1765	32	14	18
gene1767	16	8	8
gene1768	6	0	6
gene1769	52	24	28
gene1770	11	6	5
gene1771	17	8	9
gene1772	12	6	6
gene1773	39	21	18
gene1774	41	27	14
gene1775	25	12	13
gene1776	200	107	93
gene1777	109	55	54
gene1778	33	14	19
gene1779	89	52	37
gene1780	132	69	63
gene1781	124	53	71
gene1782	25	12	17
gene1783	7	8	3
gene1784	7	3	4
gene1785	17	6	11
gene1786	7	1	6
gene1787	195	122	73
gene1788	92	41	51
gene1789	12	7	5
gene1790	63	35	28
gene1791	25	13	12
gene1792	27	18	11
gene1793	33	16	19
gene1794	20	11	9
gene1795	26	10	23
gene1796	14	10	11
gene1797	10	6	6
gene1798	34	17	32
gene1799	40	25	28
gene1800	58	41	30
gene1801	76	40	49
gene1802	23	10	13
gene1804	64	36	28
gene1805	24	19	16
gene1806	27	22	16
gene1807	59	29	30
gene1808	33	22	11
gene1809	16	6	10
gene1810	78	35	43
gene1811	66	40	31
gene1812	17	12	10
gene1813	8	3	5
gene1814	96	50	46
gene1815	17	9	8
gene1816	22	8	14
gene1817	45	18	27
gene1818	42	25	17
gene1819	3	1	2
gene1820	15	7	10
gene1821	17	4	15
gene1822	23	6	17
gene1823	15	9	8
gene1824	16	9	9
gene1825	23	12	11
gene1826	115	44	71
gene1827	143	76	67
gene1828	4	2	2
gene1829	21	13	8
gene1830	32	13	19
gene1831	36	14	22
gene1832	41	22	22
gene1833	12	5	10
gene1835	45	26	19
gene1836	76	33	43
gene1837	24	11	13
gene1838	14	9	13
gene1839	12	12	8
gene1840	1	2	1
gene1841	6	1	7
gene1842	2	2	0
gene1843	7	2	5
gene1844	20	8	12
gene1845	40	26	14
gene1846	0	0	0
gene1847	4	1	3
gene1849	6	3	3
gene1850	7	3	6
gene1851	101	50	53
gene1852	21	13	8
gene1853	188	90	98
gene1854	253	132	121
gene1855	9	5	4
gene1856	80	48	32
gene1857	17	13	4
gene1858	403	222	209
gene1859	66	52	42
gene1860	31	19	12
gene1861	53	25	28
gene1862	57	33	24
gene1863	54	28	26
gene1864	61	25	36
gene1865	18	12	6
gene1866	5	0	5
gene1867	97	43	62
gene1868	75	46	37
gene1869	129	68	61
gene1870	59	43	16
gene1871	215	106	109
gene1872	15	10	5
gene1873	42	28	14
gene1874	16	9	7
gene1875	16	9	7
gene1876	26	12	14
gene1877	2	0	2
gene1878	89	43	46
gene1880	4	1	3
gene1882	4	2	2
gene1883	0	0	0
gene1884	4	3	1
gene1885	5	0	5
gene1887	223	115	108
gene1888	298	150	148
gene1889	0	0	0
gene1890	0	0	0
gene1891	0	0	0
gene1892	2	0	2
gene1893	2	1	1
gene1894	0	0	0
gene1895	4	0	4
gene1896	6	3	3
gene1897	1	1	0
gene1898	105	53	52
gene1899	120	69	56
gene1900	41	22	24
gene1901	7	5	2
gene1902	5	2	3
gene1903	5	5	2
gene1904	1	2	1
gene1905	129	87	93
gene1906	46	51	46
gene1907	31	15	16
gene1908	7	5	2
gene1909	11	5	6
gene1910	2	0	2
gene1911	0	0	0
gene1912	3	0	3
gene1913	26	15	11
gene1914	4	0	4
gene1915	5	2	3
gene1916	1	0	1
gene1917	0	0	0
gene1918	0	0	0
gene1919	0	0	0
gene1920	0	0	0
gene1921	0	0	0
gene1922	0	0	0
gene1923	0	0	0
gene1924	1	1	0
gene1925	4	2	2
gene1926	16	4	12
gene1927	18	11	7
gene1928	27	16	11
gene1929	15	6	9
gene1930	6	2	4
gene1931	5	0	5
gene1932	0	0	0
gene1933	2	0	2
gene1934	1	1	0
gene1935	16	6	10
gene1936	4	3	1
gene1937	2	0	2
gene1938	0	0	0
gene1939	2	3	1
gene1940	1	0	3
gene1941	325	144	181
gene1942	1	8	17
gene1943	597	315	306
gene1944	315	155	160
gene1949	17	5	12
gene1950	24	10	14
gene1951	355	177	178
gene1952	46	19	27
gene1953	9	5	4
gene1954	144	74	70
gene1955	59	33	26
gene1956	127	76	51
gene1957	274	140	134
gene1958	108	56	52
gene1959	71	39	32
gene1960	144	62	82
gene1961	23	11	12
gene1962	18	9	15
gene1963	57	23	42
gene1964	69	38	47
gene1965	569	305	278
gene1966	406	198	208
gene1967	532	271	261
gene1968	88	45	43
gene1969	53	24	29
gene1970	103	59	44
gene1971	60	30	30
gene1972	14	5	9
gene1973	18	9	9
gene1974	30	15	15
gene1975	9	6	3
gene1976	791	430	362
gene1977	0	1	0
gene1978	188	89	99
gene1979	100	50	50
gene1980	866	443	423
gene1981	454	221	233
gene1982	1797	902	895
gene1983	599	306	293
gene1984	1015	514	501
gene1985	1924	1020	904
gene1986	1097	539	558
gene1987	35	16	19
gene1988	51	33	18
gene1989	5208	2596	2612
gene1990	527	271	256
gene1991	401	218	183
gene1992	180	101	79
gene1994	0	0	0
gene1996	81	42	39
gene1997	18	7	11
gene1998	27	13	14
gene1999	36	9	27
gene2000	45	24	21
gene2001	33	16	17
gene2002	45	27	18
gene2003	101	58	49
gene2004	26	19	13
gene2005	15	5	10
gene2006	49	23	26
gene2007	7	2	5
gene2008	0	0	0
gene2009	14	7	7
gene2011	8	6	4
gene2012	9	5	6
gene2013	24	11	13
gene2014	2	2	0
gene2015	14	6	8
gene2016	1	1	0
gene2017	0	0	0
gene2018	0	0	0
gene2019	4	2	2
gene2020	6	5	1
gene2021	1	0	1
gene2022	0	0	0
gene2023	56	27	29
gene2024	19	5	14
gene2025	30	13	17
gene2026	63	37	26
gene2027	40	25	15
gene2028	41	18	23
gene2029	21	11	10
gene2030	79	43	50
gene2031	25	23	16
gene2032	58	37	21
gene2033	37	24	13
gene2034	21	7	14
gene2037	14	9	5
gene2038	15	12	12
gene2039	89	48	50
gene2040	23	16	18
gene2041	40	25	26
gene2042	16	7	9
gene2043	235	128	107
gene2044	2350	1157	1193
gene2045	36	22	15
gene2046	243	124	120
gene2047	73	31	42
gene2048	62	30	32
gene2049	31	17	14
gene2050	122	74	65
gene2051	53	34	37
gene2052	41	24	20
gene2053	36	19	19
gene2054	15	9	6
gene2055	37	18	19
gene2056	7	4	3
gene2057	90	44	46
gene2058	276	133	143
gene2059	221	128	93
gene2060	380	200	180
gene2061	163	81	90
gene2062	46	24	32
gene2063	661	326	337
gene2064	74	42	32
gene2065	42	23	19
gene2066	44	11	33
gene2067	9	4	5
gene2068	63	33	30
gene2069	214	97	117
gene2070	6154	3084	3070
gene2071	5	3	2
gene2072	7	4	3
gene2073	7	3	4
gene2074	7	3	4
gene2075	0	0	0
gene2076	6	5	1
gene2077	3	1	2
gene2078	19	7	12
gene2079	66	34	32
gene2080	87	52	35
gene2081	167	84	83
gene2082	17	14	8
gene2083	50	29	26
gene2084	13	7	7
gene2085	1	1	1
gene2086	2	2	0
gene2087	0	0	0
gene2088	2	0	2
gene2089	1	0	1
gene2090	27	9	18
gene2091	11	7	4
gene2092	7	4	3
gene2093	13	10	3
gene2094	0	0	0
gene2095	9	3	6
gene2096	9	4	5
gene2097	44	25	19
gene2098	21	11	10
gene2099	13	2	11
gene2100	25	11	14
gene2101	49	25	24
gene2102	25	14	11
gene2103	30	18	12
gene2104	30	14	16
gene2105	4	2	2
gene2106	16	6	10
gene2107	82	31	51
gene2108	9	5	5
gene2109	5	5	1
gene2110	19	9	10
gene2111	204	123	81
gene2112	42	25	18
gene2113	65	36	30
gene2114	86	56	30
gene2115	70	36	40
gene2116	88	51	43
gene2117	6	11	15
gene2118	17	20	17
gene2119	68	36	32
gene2120	37	18	19
gene2121	15	9	6
gene2122	23	11	13
gene2123	4	3	2
gene2124	42	16	26
gene2125	11	10	4
gene2126	17	7	13
gene2127	50	28	22
gene2128	45	18	27
gene2129	36	20	16
gene2130	22	11	11
gene2131	46	23	23
gene2132	32	19	13
gene2133	202	109	105
gene2134	18	15	15
gene2135	119	64	55
gene2136	88	53	35
gene2137	466	225	241
gene2138	813	414	399
gene2139	116	59	57
gene2140	251	123	128
gene2141	151	85	66
gene2142	272	132	140
gene2143	52	29	23
gene2144	40	15	25
gene2146	4	2	2
gene2147	17	11	6
gene2148	0	0	0
gene2149	6	5	1
gene2150	2	1	1
gene2151	0	0	0
gene2152	0	0	0
gene2153	45	20	25
gene2154	4	1	3
gene2155	3	1	2
gene2156	2	0	2
gene2157	0	0	0
gene2158	2	0	2
gene2160	33	12	21
gene2161	11	2	9
gene2162	11	4	7
gene2163	7	4	3
gene2164	10	5	5
gene2165	21	7	14
gene2166	4	1	3
gene2167	4	3	1
gene2168	3	2	1
gene2169	0	0	0
gene2170	3	2	1
gene2172	2	0	2
gene2174	2	1	1
gene2175	0	0	0
gene2176	2	2	0
gene2177	4	3	2
gene2178	2	0	3
gene2179	2	1	1
gene2181	3	3	0
gene2182	0	0	0
gene2183	3	1	2
gene2184	6	3	3
gene2185	6	2	4
gene2187	191	100	91
gene2188	188	111	77
gene2189	9	4	5
gene2190	3	1	2
gene2191	0	0	0
gene2192	1	0	1
gene2193	9	3	6
gene2194	3	2	1
gene2195	18	10	8
gene2196	2	1	1
gene2197	37	19	18
gene2198	79	33	46
gene2200	25	11	14
gene2201	95	51	44
gene2202	28	15	15
gene2203	21	14	9
gene2204	10	6	4
gene2205	21	8	13
gene2206	19	10	12
gene2207	56	29	30
gene2208	10	6	4
gene2209	13	6	7
gene2210	5	4	1
gene2211	28	14	14
gene2212	24	17	16
gene2213	18	10	17
gene2214	181	78	107
gene2215	37	23	18
gene2216	3	0	4
gene2217	6	4	3
gene2218	67	30	37
gene2220	1	0	1
gene2221	2	1	1
gene2222	326	186	147
gene2223	35	23	19
gene2224	13	5	8
gene2225	56	24	32
gene2226	58	36	22
gene2227	84	44	40
gene2228	34	17	17
gene2229	18	14	10
gene2230	53	31	28
gene2231	9	8	6
gene2232	4	3	6
gene2233	9	1	8
gene2234	68	38	30
gene2235	6	4	6
gene2236	5	6	4
gene2237	32	12	21
gene2238	12	8	4
gene2239	52	23	29
gene2240	19	13	6
gene2241	6	3	3
gene2242	1	0	1
gene2243	4	3	1
gene2244	3	1	2
gene2245	109	52	57
gene2246	46	25	21
gene2247	22	14	8
gene2248	30	17	13
gene2249	33	21	12
gene2250	21	11	10
gene2251	30	16	14
gene2252	53	24	29
gene2253	150	70	80
gene2255	68	38	30
gene2257	23	8	15
gene2258	2	2	0
gene2259	37	21	16
gene2260	37	25	15
gene2261	17	10	10
gene2262	485	239	246
gene2263	222	113	109
gene2264	25	10	16
gene2265	20	5	16
gene2266	66	39	27
gene2267	337	168	169
gene2268	144	80	64
gene2269	66	34	43
gene2270	26	17	20
gene2271	78	35	43
gene2272	18	8	10
gene2273	5	3	2
gene2274	15	9	6
gene2275	7	6	1
gene2276	5	2	3
gene2277	3	3	0
gene2278	0	0	0
gene2279	5	3	2
gene2280	7	4	3
gene2281	10	6	4
gene2282	0	0	0
gene2283	1	0	1
gene2284	7	5	2
gene2285	21	13	8
gene2287	1	1	0
gene2289	1	1	0
gene2290	0	0	0
gene2291	0	0	0
gene2292	7	2	5
gene2293	2	1	1
gene2294	1	1	0
gene2295	7	3	4
gene2297	25	11	14
gene2298	36	14	22
gene2299	4	2	2
gene2300	5	2	3
gene2301	12	8	5
gene2302	11	9	3
gene2303	6	3	3
gene2304	9	6	3
gene2305	23	14	9
gene2307	15	7	8
gene2308	6	2	5
gene2309	39	21	19
gene2310	4	4	0
gene2311	41	25	16
gene2312	62	39	23
gene2313	23	7	16
gene2314	0	0	0
gene2315	3	0	3
gene2316	5	4	1
gene2317	5	3	2
gene2318	12	4	8
gene2319	152	85	68
gene2320	9	7	9
gene2321	67	35	43
gene2322	39	23	21
gene2323	3	2	1
gene2324	5	3	2
gene2325	27	10	17
gene2326	30	19	11
gene2327	63	35	28
gene2328	16	13	3
gene2329	19	10	9
gene2330	74	40	34
gene2331	95	56	39
gene2332	32	14	18
gene2334	1	0	1
gene2335	3	2	1
gene2336	0	0	1
gene2337	2	1	1
gene2338	0	0	0
gene2339	80	45	41
gene2340	12	12	6
gene2341	1	0	1
gene2342	0	0	0
gene2343	2	2	0
gene2344	3	3	0
gene2345	2	6	1
gene2346	14	9	10
gene2348	7	3	4
gene2349	2	1	1
gene2351	10	6	4
gene2352	10	10	7
gene2353	0	2	3
gene2354	5	3	2
gene2355	5	3	2
gene2356	2	0	2
gene2358	5	3	2
gene2359	3	1	2
gene2360	2	0	2
gene2361	1	1	0
gene2362	55	22	33
gene2363	2	1	1
gene2364	4	4	0
gene2365	1	1	0
gene2366	3	0	3
gene2367	2	2	4
gene2368	12	12	4
gene2369	5	2	3
gene2370	0	0	0
gene2371	0	0	0
gene2372	2	1	1
gene2373	10	3	7
gene2374	2	2	0
gene2375	3	1	2
gene2376	2	1	1
gene2377	1	1	0
gene2378	3	1	2
gene2379	4	1	3
gene2380	1	1	0
gene2381	1	0	1
gene2382	5	2	3
gene2383	64	33	31
gene2385	7	5	5
gene2386	13	6	10
gene2387	5	3	2
gene2388	0	0	0
gene2389	0	0	0
gene2390	2	2	0
gene2391	28	15	13
gene2392	4	1	3
gene2393	150	68	82
gene2394	111	53	58
gene2395	0	0	0
gene2396	1	1	0
gene2397	0	0	0
gene2398	0	0	0
gene2399	0	0	0
gene2400	2	0	2
gene2401	12	10	2
gene2402	0	0	1
gene2404	28	12	16
gene2405	89	45	44
gene2406	87	33	54
gene2407	377	178	199
gene2408	35	20	15
gene2409	14	5	9
gene2410	34	11	27
gene2411	8	9	3
gene2412	19	10	9
gene2413	2	0	2
gene2414	3	1	2
gene2415	0	0	0
gene2416	3	2	1
gene2417	1	0	1
gene2418	5	4	1
gene2419	4	3	1
gene2420	1	1	0
gene2421	6	4	2
gene2422	4	5	4
gene2423	17	8	14
gene2424	5	3	2
gene2425	0	0	0
gene2426	1	1	0
gene2427	36	12	25
gene2428	38	24	15
gene2429	7	4	3
gene2430	4	1	3
gene2431	3	2	1
gene2432	3	0	3
gene2434	12	7	5
gene2435	15	9	6
gene2436	30	18	12
gene2437	19	8	11
gene2438	14	8	6
gene2439	9	5	7
gene2440	2	4	1
gene2441	23	13	10
gene2442	14	6	8
gene2443	0	0	0
gene2444	4	2	2
gene2445	1	0	2
gene2446	18	4	15
gene2447	14	7	7
gene2448	9	5	4
gene2449	10	6	8
gene2450	21	13	12
gene2452	4	1	3
gene2453	4	4	0
gene2454	1	1	0
gene2455	0	2	0
gene2456	0	0	2
gene2457	0	0	0
gene2458	2	1	1
gene2459	1	0	1
gene2460	1	1	0
gene2461	1	0	1
gene2462	4	2	2
gene2463	8	1	7
gene2464	3	0	3
gene2465	0	0	0
gene2466	2	1	1
gene2467	7	1	6
gene2468	3	1	2
gene2469	3	2	1
gene2470	5	5	0
gene2471	31	11	20
gene2472	23	20	18
gene2473	88	47	56
gene2474	8	5	3
gene2475	12	7	7
gene2476	26	12	16
gene2477	144	73	71
gene2478	56	34	24
gene2479	163	89	76
gene2480	80	40	41
gene2481	12	7	6
gene2482	4	2	2
gene2483	6	2	4
gene2484	7	4	3
gene2485	80	47	33
gene2486	1	1	0
gene2487	7	5	2
gene2488	12	6	6
gene2489	14	3	11
gene2490	6	3	3
gene2491	21	9	12
gene2492	20	13	7
gene2493	9	5	4
gene2494	3	3	0
gene2495	137	67	81
gene2496	20	12	19
gene2497	40	26	18
gene2498	7	8	3
gene2499	62	38	30
gene2500	14	8	12
gene2501	23	9	14
gene2502	1	0	1
gene2503	4	1	3
gene2504	1	0	1
gene2505	8	8	1
gene2506	24	11	14
gene2507	7	3	4
gene2508	24	14	10
gene2509	24	13	11
gene2510	14	6	8
gene2511	81	36	45
gene2512	4	3	1
gene2514	3	2	1
gene2515	0	0	0
gene2516	38	20	19
gene2517	22	11	12
gene2518	1	0	1
gene2519	6	1	5
gene2520	0	0	0
gene2521	0	0	0
gene2522	1	1	0
gene2523	13	9	4
gene2524	0	1	1
gene2525	21	7	16
gene2526	1	1	0
gene2527	1	1	0
gene2528	0	0	0
gene2529	0	0	0
gene2530	0	0	0
gene2531	2	0	2
gene2532	6	4	2
gene2533	0	0	0
gene2534	0	0	0
gene2535	0	0	0
gene2536	2	1	1
gene2537	1	1	0
gene2538	0	0	0
gene2539	2	0	2
gene2540	3	4	3
gene2541	42	29	17
gene2542	16	9	7
gene2543	0	0	0
gene2544	3	2	5
gene2545	2	5	1
gene2547	622	320	302
gene2548	7	4	3
gene2549	3	3	0
gene2550	17	6	11
gene2551	6	3	9
gene2552	16	14	9
gene2553	33	19	16
gene2554	182	91	92
gene2555	243	115	148
gene2556	63	44	39
gene2557	10	9	5
gene2558	27	16	15
gene2559	4	2	2
gene2560	2	1	1
gene2561	18	10	8
gene2562	22	5	17
gene2563	6	3	4
gene2564	15	11	5
gene2565	42	23	19
gene2566	22	11	11
gene2567	54	29	25
gene2568	21	14	7
gene2569	17	8	9
gene2570	0	0	0
gene2571	10	6	4
gene2572	16	12	5
gene2573	27	12	16
gene2574	379	185	194
gene2575	57	27	30
gene2576	8	6	4
gene2577	111	55	58
gene2578	47	28	28
gene2579	31	18	22
gene2580	63	25	38
gene2581	25	18	10
gene2582	9	6	6
gene2583	1	1	0
gene2584	26	11	15
gene2585	3	2	1
gene2586	16	9	7
gene2587	398	186	212
gene2589	43	21	23
gene2590	7	3	4
gene2591	41	20	22
gene2592	46	25	22
gene2593	6	2	4
gene2594	139	69	70
gene2595	346	173	173
gene2596	87	50	37
gene2597	28	16	12
gene2598	75	32	43
gene2599	10	6	4
gene2600	19	16	11
gene2601	35	24	19
gene2602	39	22	17
gene2603	211	112	99
gene2604	28	13	15
gene2605	11	4	7
gene2606	33	17	16
gene2607	29	14	18
gene2608	69	35	37
gene2609	101	52	49
gene2610	73	41	32
gene2611	99	57	66
gene2612	13	22	15
gene2614	35	19	16
gene2615	35	18	17
gene2616	188	93	95
gene2617	56	24	32
gene2618	117	61	56
gene2619	120	57	63
gene2620	531	257	274
gene2621	10	2	13
gene2622	175	93	87
gene2623	60	34	26
gene2624	14	10	4
gene2625	73	28	45
gene2626	7	3	4
gene2628	30	15	15
gene2629	25	13	12
gene2631	194	98	96
gene2632	50	28	22
gene2633	20	13	7
gene2634	18	9	10
gene2635	12	10	3
gene2636	53	27	26
gene2637	3	1	2
gene2638	20	10	10
gene2639	28	11	17
gene2640	30	21	9
gene2641	167	88	79
gene2642	67	40	27
gene2643	80	30	50
gene2644	34	15	19
gene2645	41	23	18
gene2646	24	9	15
gene2647	59	27	32
gene2648	56	29	27
gene2649	41	25	16
gene2650	65	29	36
gene2652	13	10	3
gene2653	6	2	4
gene2654	190	87	103
gene2655	61	37	24
gene2656	42	19	23
gene2657	4	0	4
gene2658	21	9	12
gene2659	19	11	8
gene2660	17	12	5
gene2661	0	0	0
gene2662	20	15	5
gene2663	5	4	1
gene2664	9	2	7
gene2665	7	3	4
gene2666	14	5	9
gene2667	37	21	16
gene2668	47	20	27
gene2669	44	23	21
gene2670	47	21	29
gene2671	14	8	9
gene2672	1	1	0
gene2673	55	33	24
gene2674	8	6	4
gene2675	1	1	0
gene2676	5	1	4
gene2677	6	3	5
gene2678	20	10	12
gene2679	8	3	5
gene2680	6	4	2
gene2681	9	6	3
gene2682	17	8	9
gene2683	1	4	3
gene2684	13	7	12
gene2685	8	5	3
gene2686	21	10	11
gene2687	9	7	3
gene2688	4	4	1
gene2689	4	4	0
gene2690	16	7	9
gene2691	6	2	4
gene2692	149	80	69
gene2693	64	30	34
gene2694	4	3	1
gene2695	12	5	7
gene2696	7	2	5
gene2697	4	1	3
gene2698	0	0	0
gene2699	8	7	1
gene2700	2	0	2
gene2701	10	6	4
gene2702	2	2	0
gene2703	3	1	2
gene2704	7	5	3
gene2705	0	0	1
gene2706	0	0	0
gene2707	3	1	2
gene2708	2	2	0
gene2709	3	3	0
gene2710	0	0	0
gene2711	9	4	5
gene2712	5	2	3
gene2713	1	1	0
gene2714	4	1	3
gene2715	14	7	7
gene2716	10	7	3
gene2717	13	7	6
gene2718	17	11	6
gene2719	8	3	5
gene2720	16	8	8
gene2721	6	5	1
gene2722	3	2	1
gene2723	5	4	1
gene2724	2	2	0
gene2725	7	3	4
gene2726	6	2	4
gene2727	11	8	3
gene2728	1	0	1
gene2729	2	0	2
gene2730	5	4	1
gene2732	4	2	2
gene2733	9	4	5
gene2734	48	30	18
gene2735	28	17	11
gene2736	5	3	2
gene2737	6	5	1
gene2738	10	5	5
gene2739	1	0	1
gene2740	6	2	4
gene2741	3	3	0
gene2742	6	5	1
gene2743	1	1	0
gene2744	3	0	3
gene2745	3	2	1
gene2746	1	1	0
gene2747	0	0	0
gene2748	3	1	2
gene2749	3	3	0
gene2750	1	1	0
gene2751	36	18	18
gene2752	7	4	3
gene2753	9	2	7
gene2754	6	5	1
gene2755	1	1	0
gene2756	15	6	9
gene2757	6	5	1
gene2758	36	17	19
gene2759	22	7	15
gene2760	21	13	8
gene2761	18	7	11
gene2762	21	8	13
gene2763	21	15	6
gene2764	9	8	4
gene2765	2	0	5
gene2766	4	2	2
gene2768	49	19	30
gene2769	0	0	0
gene2770	4	3	1
gene2771	0	0	0
gene2772	0	0	0
gene2773	6	2	4
gene2774	6	5	1
gene2775	7	4	3
gene2776	10	3	7
gene2777	10	5	5
gene2778	8	3	5
gene2779	2	2	0
gene2780	0	0	0
gene2781	47	28	19
gene2782	17	5	13
gene2783	2	2	1
gene2784	9	5	4
gene2785	16	8	8
gene2786	1	0	1
gene2787	4	3	1
gene2788	3	2	1
gene2789	0	0	0
gene2790	1	0	1
gene2791	1	1	0
gene2792	28	12	16
gene2793	16	10	7
gene2794	71	44	28
gene2795	23	10	13
gene2797	5	1	4
gene2798	4	3	1
gene2799	0	0	0
gene2800	0	0	0
gene2801	0	1	0
gene2802	1	1	1
gene2803	17	8	9
gene2804	3	2	1
gene2805	1	1	0
gene2806	8	2	6
gene2807	4	2	2
gene2808	2	0	2
gene2809	0	0	0
gene2810	3	2	1
gene2811	13	4	9
gene2812	14	3	11
gene2813	0	0	0
gene2814	5	1	4
gene2815	29	15	14
gene2816	0	0	0
gene2817	2	0	2
gene2819	6	3	5
gene2820	4	5	1
gene2821	4	3	1
gene2822	0	0	0
gene2824	0	0	0
gene2825	9	3	8
gene2826	208	101	109
gene2827	0	0	0
gene2828	23	10	13
gene2829	13	6	7
gene2830	17	10	7
gene2831	18	7	11
gene2833	7	3	4
gene2834	21	10	11
gene2835	3	3	0
gene2836	2	0	2
gene2837	1	0	1
gene2838	0	0	0
gene2839	7	2	5
gene2840	4	0	4
gene2841	8	2	6
gene2842	6	2	4
gene2843	24	16	12
gene2844	29	22	11
gene2845	4	5	3
gene2846	4	5	3
gene2847	3	1	2
gene2848	0	0	0
gene2849	4	0	4
gene2850	4	3	1
gene2851	27	18	9
gene2852	3	2	1
gene2853	2	1	1
gene2854	4	3	1
gene2855	0	0	0
gene2856	4	3	1
gene2857	7	2	5
gene2858	3	2	1
gene2859	11	6	5
gene2860	23	12	11
gene2861	17	8	9
gene2862	61	26	35
gene2863	15	9	6
gene2864	17	9	14
gene2865	5	8	5
gene2866	0	2	0
gene2867	30	16	14
gene2868	9	4	5
gene2869	2	1	5
gene2870	24	15	13
gene2871	21	11	10
gene2872	2	1	2
gene2873	0	1	0
gene2874	27	16	11
gene2875	5	3	2
gene2877	1	1	0
gene2878	1	0	1
gene2879	2	2	1
gene2880	16	8	9
gene2881	6	3	3
gene2882	218	117	101
gene2883	26	14	12
gene2884	28	18	10
gene2885	27	16	11
gene2886	7	3	4
gene2887	12	8	4
gene2889	1	0	1
gene2890	5	4	1
gene2891	1	1	0
gene2892	31	15	16
gene2893	17	7	10
gene2894	13	5	10
gene2895	20	13	10
gene2896	4	3	2
gene2897	0	0	0
gene2898	30	21	9
gene2899	61	32	29
gene2900	2	1	1
gene2901	46	24	22
gene2902	12	3	9
gene2903	7	1	6
gene2904	8	5	3
gene2905	1	0	1
gene2906	10	3	7
gene2907	13	6	7
gene2908	56	35	21
gene2909	100	53	48
gene2910	10	4	7
gene2911	4	0	4
gene2912	6	2	4
gene2913	27	11	16
gene2914	5	4	1
gene2915	6	1	5
gene2916	4	2	2
gene2917	6	2	4
gene2918	5	4	1
gene2919	16	14	6
gene2920	25	15	14
gene2921	3	2	1
gene2922	10	3	7
gene2923	15	6	9
gene2924	1	1	0
gene2926	1	1	0
gene2927	4	1	3
gene2928	1	0	1
gene2929	37	19	18
gene2930	12	6	6
gene2931	9	5	4
gene2932	35	18	17
gene2933	32	19	13
gene2934	11	6	5
gene2935	23	9	14
gene2936	28	14	14
gene2937	17	11	6
gene2938	9	4	5
gene2939	14	6	8
gene2940	5	4	1
gene2941	2	1	1
gene2942	2	0	2
gene2943	17	5	12
gene2944	3	2	1
gene2945	30	22	8
gene2946	18	17	18
gene2947	12	18	11
gene2948	10	5	5
gene2949	9	3	6
gene2950	23	15	12
gene2951	3	2	5
gene2952	0	0	0
gene2953	3	1	2
gene2954	11	4	7
gene2955	8	5	3
gene2956	1	1	0
gene2957	11	9	3
gene2958	17	12	6
gene2959	5	2	3
gene2960	9	8	1
gene2961	7	3	4
gene2962	10	3	7
gene2963	9	8	1
gene2964	29	17	12
gene2965	1	1	0
gene2966	43	18	25
gene2967	2	0	2
gene2968	25	9	18
gene2969	36	26	14
gene2970	4	2	4
gene2971	4	2	3
gene2972	23	12	12
gene2973	64	31	33
gene2974	1	1	0
gene2975	3	3	0
gene2976	12	4	8
gene2977	4	3	2
gene2978	3	2	2
gene2979	1	0	1
gene2980	1	0	1
gene2981	1	1	0
gene2982	3	1	2
gene2983	10	5	5
gene2984	0	0	0
gene2985	30	10	20
gene2986	14	8	6
gene2988	10	4	6
gene2989	1	0	1
gene2990	1	1	0
gene2991	4	0	4
gene2992	2	0	2
gene2993	12	8	4
gene2994	2	0	2
gene2995	3	0	3
gene2996	8	8	2
gene2997	9	9	2
gene2998	1	1	0
gene2999	2	1	1
gene3000	15	6	9
gene3001	9	5	4
gene3002	6	2	4
gene3003	18	9	9
gene3004	52	29	23
gene3005	2	2	0
gene3006	28	15	15
gene3007	12	7	7
gene3008	25	8	17
gene3009	13	10	3
gene3010	7	3	4
gene3011	125	76	51
gene3012	5	2	5
gene3014	0	0	0
gene3015	15	9	6
gene3016	40	20	27
gene3017	7	7	7
gene3018	4	1	3
gene3019	8	5	3
gene3020	14	12	2
gene3021	8	5	3
gene3022	18	9	9
gene3023	9	6	4
gene3024	12	8	5
gene3025	46	20	31
gene3026	75	44	36
gene3027	6	3	3
gene3028	15	8	7
gene3029	6	1	5
gene3030	8	6	2
gene3032	5	4	4
gene3033	6	5	4
gene3034	12	4	8
gene3036	6	3	3
gene3037	27	15	12
gene3038	27	12	17
gene3039	9	7	4
gene3040	19	12	7
gene3041	31	12	19
gene3042	49	29	20
gene3043	12	5	7
gene3044	552	280	272
gene3045	228	118	110
gene3046	57	34	23
gene3047	69	40	31
gene3048	17	9	10
gene3049	9	4	5
gene3050	7	1	6
gene3051	11	8	3
gene3052	41	22	19
gene3054	18	12	7
gene3055	8	4	5
gene3056	76	43	33
gene3057	5	1	4
gene3058	7	3	4
gene3059	18	7	11
gene3060	8	1	7
gene3061	7	2	5
gene3062	10	3	7
gene3063	18	10	8
gene3064	32	21	11
gene3065	33	15	18
gene3066	69	40	29
gene3068	35	13	22
gene3069	17	9	8
gene3070	11	9	2
gene3072	205	92	113
gene3073	20	14	7
gene3074	14	5	10
gene3075	4	2	2
gene3077	13	8	5
gene3079	119	63	56
gene3081	22	13	19
gene3082	27	19	18
gene3083	5	2	3
gene3084	11	5	6
gene3085	10	5	5
gene3086	1	0	1
gene3087	2	2	0
gene3088	30	21	9
gene3090	178	93	85
gene3091	280	127	153
gene3092	7	2	5
gene3093	63	29	34
gene3094	63	28	35
gene3095	187	90	97
gene3096	18	10	8
gene3097	18	7	11
gene3098	115	58	58
gene3099	954	493	462
gene3100	85	43	42
gene3101	8	3	5
gene3102	1121	556	565
gene3103	24	13	11
gene3104	69	27	42
gene3105	34	21	13
gene3106	280	128	152
gene3107	108	48	60
gene3108	25	8	17
gene3109	18	10	8
gene3110	90	47	43
gene3111	83	47	36
gene3112	435	203	232
gene3113	822	396	426
gene3114	147	75	72
gene3115	511	271	240
gene3116	1238	641	597
gene3117	195	111	84
gene3118	102	51	51
gene3119	81	31	50
gene3120	28	12	16
gene3121	366	195	171
gene3122	319	172	147
gene3123	291	145	146
gene3124	7	2	5
gene3125	4	1	4
gene3126	15	10	6
gene3127	2	2	0
gene3128	11	3	8
gene3129	18	8	10
gene3130	2	1	1
gene3131	3	1	2
gene3132	24	6	18
gene3138	41	22	19
gene3139	21	15	20
gene3140	199	117	96
gene3141	7	2	5
gene3142	5	2	3
gene3143	3	1	2
gene3144	7	4	3
gene3145	2	2	0
gene3146	11	8	3
gene3147	0	0	0
gene3148	0	0	0
gene3149	0	0	0
gene3150	1	1	0
gene3151	4	3	1
gene3152	1	0	1
gene3153	3	0	3
gene3155	113	60	53
gene3156	0	0	0
gene3157	2	1	1
gene3158	27	17	10
gene3159	12	6	6
gene3160	51	32	33
gene3161	34	27	21
gene3162	198	97	101
gene3163	91	46	45
gene3164	58	28	31
gene3165	17	8	10
gene3167	19	8	11
gene3168	13	5	8
gene3169	1	0	1
gene3170	5	3	3
gene3171	39	16	24
gene3172	14	8	8
gene3173	26	11	17
gene3174	89	43	46
gene3175	14	12	2
gene3177	9	6	3
gene3178	0	0	0
gene3179	13	22	15
gene3180	48	32	40
gene3181	3	1	3
gene3182	5	3	3
gene3183	30	17	13
gene3184	73	39	34
gene3185	3	0	3
gene3186	7	4	3
gene3187	4	2	2
gene3188	42	21	21
gene3189	19	8	11
gene3190	6	3	3
gene3191	3	2	1
gene3192	3	0	3
gene3193	17	11	6
gene3194	5	3	2
gene3197	36	22	17
gene3198	18	7	14
gene3199	16	6	10
gene3200	15	7	8
gene3201	36	28	22
gene3202	84	45	53
gene3203	108	43	65
gene3204	172	80	92
gene3205	35	21	14
gene3206	31	27	15
gene3207	9	6	14
gene3208	64	32	32
gene3209	346	157	189
gene3210	23	11	12
gene3211	510	274	236
gene3212	1334	683	651
gene3213	10	6	6
gene3214	14	9	7
gene3215	57	32	27
gene3216	149	80	71
gene3217	161	94	75
gene3218	57	34	31
gene3219	4	2	2
gene3220	0	0	0
gene3221	12	5	7
gene3222	29	16	15
gene3223	34	23	13
gene3224	6	4	2
gene3225	16	9	7
gene3226	12	3	9
gene3227	25	11	14
gene3228	20	6	14
gene3229	7	5	2
gene3230	10	8	2
gene3231	17	13	4
gene3232	17	7	10
gene3233	8	2	6
gene3234	8	3	6
gene3235	6	3	4
gene3236	1	0	1
gene3237	9	5	4
gene3238	5	2	3
gene3239	6	1	5
gene3240	227	118	109
gene3241	56	33	23
gene3242	6	8	8
gene3243	52	28	34
gene3244	20	9	11
gene3245	86	51	35
gene3246	24	19	18
gene3247	140	71	82
gene3248	92	44	48
gene3249	21	14	16
gene3250	19	13	15
gene3251	41	33	26
gene3252	481	251	248
gene3253	42	24	18
gene3254	7	6	1
gene3255	5	4	1
gene3256	9	1	8
gene3257	17	3	15
gene3258	27	10	18
gene3259	68	36	32
gene3260	83	39	44
gene3261	170	82	88
gene3262	22	5	17
gene3263	8	3	5
gene3264	54	34	20
gene3265	37	18	19
gene3266	25	11	14
gene3267	4	2	2
gene3268	33	19	16
gene3269	8	3	7
gene3270	22	9	13
gene3271	7	4	3
gene3272	5	9	6
gene3273	43	25	28
gene3274	30	14	16
gene3275	16	10	6
gene3276	45	23	22
gene3277	5	8	5
gene3278	47	22	33
gene3279	10	4	6
gene3280	4	2	2
gene3281	35	20	24
gene3282	31	21	19
gene3284	24	12	12
gene3285	51	30	21
gene3286	23	13	12
gene3287	20	7	15
gene3288	5	1	4
gene3289	7	6	1
gene3290	9	4	5
gene3291	21	14	7
gene3292	29	19	10
gene3293	6	6	0
gene3294	13	8	5
gene3295	39	27	12
gene3296	2	0	2
gene3297	9	6	3
gene3298	10	3	7
gene3299	4	3	1
gene3300	28	12	16
gene3301	1	1	0
gene3302	26	15	11
gene3303	56	27	35
gene3304	16	9	13
gene3305	13	6	7
gene3306	36	19	17
gene3307	28	19	9
gene3308	19	13	6
gene3309	5	1	4
gene3310	7	6	1
gene3311	23	11	12
gene3312	10	8	2
gene3313	1	0	1
gene3314	14	9	5
gene3315	8	4	4
gene3316	8	4	4
gene3317	20	11	9
gene3318	14	7	7
gene3319	21	18	12
gene3320	70	32	47
gene3322	5	3	2
gene3323	0	0	0
gene3324	11	5	6
gene3325	11	5	6
gene3326	55	20	35
gene3327	18	7	11
gene3328	340	191	149
gene3329	0	0	0
gene3330	5	1	4
gene3331	1	0	1
gene3332	0	0	0
gene3333	3	1	2
gene3334	12	10	2
gene3335	3	2	1
gene3336	12	9	3
gene3337	3	2	4
gene3338	31	18	16
gene3339	19	10	9
gene3340	9	4	5
gene3341	0	0	0
gene3342	34	21	14
gene3343	5	2	4
gene3344	9	1	8
gene3345	12	8	4
gene3346	29	15	14
gene3347	11	3	8
gene3348	21	11	10
gene3349	0	0	0
gene3350	11	7	4
gene3351	172	91	95
gene3352	20	21	13
gene3353	111	71	40
gene3354	47	25	22
gene3355	13	9	4
gene3356	23	14	9
gene3357	10	4	6
gene3358	14	8	6
gene3359	12	9	3
gene3360	5	1	4
gene3361	24	9	15
gene3362	132	80	52
gene3363	85	45	40
gene3364	41	22	19
gene3365	62	33	29
gene3366	22	11	11
gene3367	23	12	11
gene3368	3	2	1
gene3369	6	3	3
gene3370	2	1	1
gene3371	2	0	2
gene3372	2	0	2
gene3373	1	0	1
gene3374	5	3	2
gene3375	2	0	2
gene3376	0	0	0
gene3377	40	26	14
gene3378	30	11	19
gene3379	38	17	21
gene3380	4	1	3
gene3381	0	0	0
gene3382	6	2	4
gene3383	9	7	2
gene3384	9	6	3
gene3385	22	13	9
gene3386	1	0	1
gene3387	5	3	2
gene3388	5	4	1
gene3389	199	102	97
gene3390	7	2	5
gene3391	28	11	17
gene3392	402	207	195
gene3393	5	2	3
gene3394	18	8	10
gene3395	93	45	48
gene3396	165	87	78
gene3397	24	12	12
gene3398	21	5	16
gene3399	30	14	16
gene3400	8	2	6
gene3401	4	3	1
gene3402	6	3	3
gene3403	7	4	3
gene3404	2	2	0
gene3405	2	1	1
gene3406	9	3	6
gene3407	17	7	10
gene3408	12	7	5
gene3409	2	0	2
gene3410	3	2	1
gene3411	29	12	17
gene3412	23	11	15
gene3413	6	5	4
gene3414	52	28	24
gene3415	96	51	52
gene3416	6	4	9
gene3417	52	27	25
gene3418	50	20	30
gene3419	69	40	29
gene3420	54	28	26
gene3421	57	24	33
gene3422	3	2	1
gene3423	3	2	1
gene3424	15	10	5
gene3425	14	7	7
gene3426	6	4	2
gene3427	11	4	7
gene3428	0	0	0
gene3429	7	2	5
gene3430	19	10	9
gene3431	70	32	38
gene3432	195	102	100
gene3433	26	20	13
gene3434	36	13	23
gene3435	7	5	2
gene3436	2	0	2
gene3437	6	1	5
gene3438	3	3	0
gene3439	14	2	12
gene3440	9	3	6
gene3441	23	8	15
gene3443	0	0	0
gene3445	1	1	0
gene3446	1	1	0
gene3447	10	5	8
gene3448	140	72	71
gene3449	16	8	8
gene3450	24	16	8
gene3451	6	4	2
gene3452	2	0	2
gene3453	0	0	0
gene3454	1	0	1
gene3455	7	2	5
gene3456	14	7	9
gene3457	45	13	34
gene3458	111	46	65
gene3460	15	10	5
gene3461	3	1	4
gene3462	11	6	7
gene3463	1019	510	558
gene3464	89	60	78
gene3466	11	4	7
gene3467	27	12	15
gene3468	24	16	8
gene3469	9	6	3
gene3470	67	35	32
gene3471	27	13	14
gene3472	69	31	38
gene3473	18	10	8
gene3474	10	4	6
gene3475	13	6	7
gene3476	3	0	3
gene3477	12	5	7
gene3478	40	15	25
gene3479	6	3	3
gene3480	45	24	25
gene3481	20	18	6
gene3482	0	0	0
gene3483	11	5	6
gene3484	5	2	3
gene3485	9	6	3
gene3486	5	2	3
gene3487	7	5	2
gene3488	30	15	15
gene3489	9	7	2
gene3490	8	5	3
gene3491	137	68	69
gene3492	9	7	2
gene3493	7	3	4
gene3494	0	0	0
gene3495	0	0	0
gene3497	25	18	7
gene3499	1	1	0
gene3500	2	0	2
gene3501	2	0	2
gene3502	0	0	0
gene3504	2	1	1
gene3505	0	0	0
gene3506	118	58	60
gene3507	39	19	20
gene3508	6	2	4
gene3512	35	16	19
gene3513	530	267	263
gene3514	884	445	439
gene3515	320	144	176
gene3516	188	124	86
gene3517	88	62	48
gene3518	64	32	32
gene3519	167	77	90
gene3520	239	104	135
gene3521	183	99	84
gene3522	142	72	70
gene3523	523	283	240
gene3524	44	19	25
gene3525	69	35	34
gene3526	88	54	34
gene3527	21	8	13
gene3528	48	24	24
gene3529	269	115	154
gene3530	180	98	82
gene3531	34	19	19
gene3532	112	68	48
gene3533	8	5	3
gene3534	23	7	16
gene3535	4	2	2
gene3536	59	23	36
gene3537	13	6	7
gene3538	34	17	17
gene3539	1	1	0
gene3540	122	64	58
gene3541	8	2	6
gene3542	38	22	16
gene3543	37	15	22
gene3544	53	33	20
gene3545	43	18	25
gene3546	29	11	18
gene3547	28	16	12
gene3548	14	7	7
gene3549	60	26	34
gene3550	12	10	5
gene3551	1	6	4
gene3552	36	23	34
gene3553	31	22	25
gene3554	18	14	7
gene3555	50	29	24
gene3556	116	58	58
gene3557	40	17	23
gene3558	18	13	5
gene3559	2	1	1
gene3560	2126	1044	1082
gene3561	4	3	1
gene3562	1178	585	593
gene3563	11	3	8
gene3564	15	9	6
gene3565	47	26	21
gene3566	21	10	11
gene3567	7	4	3
gene3568	6	5	1
gene3569	7	4	3
gene3570	15	5	10
gene3571	17	8	9
gene3572	62	31	31
gene3573	3	1	2
gene3574	57	27	30
gene3575	20	12	8
gene3576	47	24	23
gene3577	6	4	2
gene3578	53	28	25
gene3579	48	24	24
gene3580	0	0	0
gene3581	0	0	0
gene3582	10	4	7
gene3583	0	0	1
gene3584	0	0	0
gene3585	0	0	0
gene3586	0	0	0
gene3587	14	5	9
gene3588	12	7	5
gene3589	17	9	8
gene3590	50	22	28
gene3591	62	36	26
gene3592	19	10	9
gene3593	62	33	29
gene3594	37	17	20
gene3595	112	54	58
gene3596	77	40	37
gene3597	437	223	214
gene3598	93	48	45
gene3599	30	16	14
gene3600	37	20	17
gene3601	37	16	21
gene3602	86	49	37
gene3603	2	1	1
gene3604	19	13	11
gene3605	22	13	14
gene3607	9	6	9
gene3608	14	9	11
gene3609	2	1	1
gene3610	3	2	1
gene3611	3	1	2
gene3612	8	4	4
gene3613	34	17	17
gene3614	2	0	2
gene3615	4	3	1
gene3616	1	1	0
gene3617	8	2	8
gene3618	39	17	24
gene3619	16	6	10
gene3620	26	10	16
gene3621	9	1	8
gene3622	8	3	5
gene3627	65	37	31
gene3628	86	42	47
gene3629	107	59	52
gene3630	41	22	24
gene3631	34	18	17
gene3632	43	22	21
gene3633	272	128	144
gene3634	487	233	254
gene3635	109	64	46
gene3636	203	93	111
gene3637	21	11	10
gene3638	42	22	23
gene3639	3	5	1
gene3641	3	1	2
gene3642	0	0	0
gene3643	4	0	4
gene3644	9	4	5
gene3645	32	22	13
gene3646	21	12	12
gene3647	14	5	9
gene3648	20	12	8
gene3649	42	20	22
gene3650	367	175	192
gene3651	20	10	10
gene3652	11	7	4
gene3653	13	10	3
gene3654	32	19	19
gene3655	122	68	60
gene3656	44	24	20
gene3657	4	1	3
gene3658	91	48	43
gene3659	52	24	28
gene3660	47	25	22
gene3661	30	11	19
gene3662	15	18	20
gene3663	71	47	47
gene3664	2664	1324	1340
gene3665	435	223	212
gene3666	126	71	55
gene3667	271	126	145
gene3668	307	155	152
gene3669	1039	543	496
gene3670	139	59	80
gene3671	80	33	47
gene3672	113	60	53
gene3673	75	29	46
gene3674	77	35	42
gene3675	41	25	28
gene3676	72	47	37
gene3677	42	20	22
gene3678	62	34	28
gene3679	27	10	17
gene3680	138	73	65
gene3681	161	86	75
gene3682	519	246	273
gene3683	44	27	17
gene3684	17	15	10
gene3685	47	23	32
gene3686	12	6	7
gene3687	8	3	6
gene3688	17	7	10
gene3689	4	2	2
gene3690	33	15	18
gene3691	341	192	149
gene3692	14	6	8
gene3693	1	1	0
gene3694	19	13	6
gene3695	15	8	7
gene3696	9	4	5
gene3697	26	14	12
gene3698	7	6	1
gene3699	30	11	19
gene3700	25	10	15
gene3701	17	12	5
gene3702	12	5	7
gene3703	41	17	24
gene3704	30	16	14
gene3705	15	7	8
gene3706	11	6	5
gene3707	83	41	42
gene3708	20	10	10
gene3709	44	21	23
gene3710	82	38	44
gene3711	71	45	26
gene3712	225	118	107
gene3713	39	17	22
gene3714	146	81	65
gene3715	10	4	6
gene3716	103	54	49
gene3717	38	15	23
gene3718	126	57	69
gene3719	42	13	29
gene3720	81	45	36
gene3721	56	28	28
gene3722	41	27	14
gene3723	32	14	18
gene3724	72	36	36
gene3725	19	8	11
gene3726	44	18	26
gene3727	42	22	23
gene3728	68	35	36
gene3729	9	6	3
gene3730	20	10	10
gene3731	36	11	25
gene3732	85	45	40
gene3733	8	5	3
gene3734	88	49	42
gene3735	11	7	7
gene3736	13	15	3
gene3737	5	3	7
gene3738	4	3	1
gene3739	17	8	9
gene3740	1280	678	602
gene3741	12	6	6
gene3742	0	0	0
gene3743	6	4	2
gene3744	9	6	3
gene3745	5	3	2
gene3746	2	1	1
gene3747	269	130	139
gene3748	2	0	2
gene3749	0	0	0
gene3750	3	1	2
gene3751	14	6	8
gene3752	5	1	4
gene3753	6	3	3
gene3754	6	2	4
gene3755	26	12	14
gene3756	11	4	7
gene3757	34	20	14
gene3758	3	1	2
gene3759	6	5	1
gene3760	8	4	4
gene3761	28	12	16
gene3762	9	5	4
gene3765	22	10	12
gene3766	12	6	6
gene3767	302	160	142
gene3768	1375	676	699
gene3769	865	442	423
gene3770	174	94	80
gene3771	75	42	33
gene3772	153	80	73
gene3773	51	25	26
gene3774	78	38	40
gene3775	40	18	22
gene3776	32	16	16
gene3777	150	79	71
gene3778	608	329	279
gene3779	5	2	3
gene3780	121	74	47
gene3781	40	20	20
gene3782	8	4	4
gene3783	16	8	8
gene3784	556	274	282
gene3785	466	249	217
gene3786	81	42	40
gene3787	13	9	5
gene3790	96	59	37
gene3791	69	31	38
gene3792	52	25	27
gene3793	5	4	1
gene3794	48	27	21
gene3795	5	2	3
gene3796	32	17	15
gene3797	17	13	4
gene3798	32	15	20
gene3799	477	233	247
gene3800	36	24	18
gene3801	19	14	11
gene3802	46	17	29
gene3803	23	14	9
gene3804	110	52	58
gene3805	63	38	36
gene3806	25	19	17
gene3807	306	158	148
gene3808	10	9	2
gene3809	204	115	90
gene3810	105	60	45
gene3811	178	80	98
gene3812	110	56	54
gene3813	53	20	33
gene3814	61	31	30
gene3815	40	14	26
gene3816	26	14	12
gene3817	138	62	76
gene3818	334	165	169
gene3819	27	14	19
gene3820	32	11	27
gene3821	53	27	26
gene3822	592	297	295
gene3823	169	79	90
gene3824	500	234	266
gene3825	38	17	21
gene3826	174	84	90
gene3827	231	110	121
gene3828	26	11	15
gene3829	53	34	19
gene3830	60	29	31
gene3831	61	33	28
gene3832	141	71	70
gene3833	100	48	52
gene3834	645	307	338
gene3835	159	86	73
gene3836	56	28	28
gene3837	61	31	30
gene3838	126	63	63
gene3839	144	85	59
gene3840	316	171	145
gene3841	746	384	362
gene3842	889	466	423
gene3843	108	51	57
gene3844	151	80	71
gene3845	110	52	58
gene3846	5	2	3
gene3847	86	48	38
gene3848	242	130	112
gene3849	64	29	35
gene3850	5	4	8
gene3851	25	19	13
gene3852	195	111	84
gene3853	54	28	26
gene3854	35	19	16
gene3855	65	25	40
gene3856	0	2	0
gene3857	0	0	2
gene3858	48	20	33
gene3859	31	20	16
gene3860	1	1	3
gene3861	5	4	4
gene3862	17	6	11
gene3863	24	10	14
gene3864	35	17	18
gene3865	260	119	141
gene3866	5	6	6
gene3867	284	149	165
gene3868	2	13	12
gene3869	129	66	63
gene3870	175	71	104
gene3871	4	1	3
gene3872	34	21	13
gene3873	120	54	66
gene3874	26	10	16
gene3875	285	139	146
gene3876	243	130	113
gene3877	91	43	48
gene3878	35	23	12
gene3879	98	48	50
gene3880	25	6	19
gene3881	28	15	13
gene3882	17	8	9
gene3883	98	46	52
gene3885	75	34	41
gene3886	3	2	1
gene3887	2	2	0
gene3888	276	138	138
gene3889	6	2	4
gene3890	208	104	104
gene3891	65	32	33
gene3892	2	0	2
gene3893	214	111	103
gene3894	79	31	48
gene3895	32	14	18
gene3896	38	19	19
gene3897	84	43	41
gene3898	37	18	21
gene3899	13	8	7
gene3900	16	9	7
gene3901	99	56	43
gene3902	46	24	22
gene3903	200	107	93
gene3904	128	52	76
gene3905	35	22	13
gene3906	12	3	9
gene3907	52	24	28
gene3908	24	14	10
gene3909	34	28	16
gene3910	40	28	22
gene3912	80	52	29
gene3913	47	22	37
gene3914	26	28	9
gene3915	106	64	42
gene3916	0	0	0
gene3917	15	6	9
gene3918	12	7	5
gene3919	3	2	1
gene3920	1	1	0
gene3921	0	0	0
gene3922	1	1	0
gene3923	1	0	1
gene3924	12	8	4
gene3925	13	8	5
gene3926	4	5	6
gene3927	14	14	7
gene3928	12	8	4
gene3929	215	98	117
gene3930	27	15	12
gene3931	17	12	5
gene3932	9	8	1
gene3933	18	8	10
gene3934	32	16	16
gene3935	21	8	13
gene3936	31	18	13
gene3937	5	3	2
gene3938	44	18	26
gene3939	8	5	3
gene3940	8	4	4
gene3941	9	5	4
gene3942	0	0	0
gene3943	1569	780	789
gene3944	26	11	15
gene3945	15	7	8
gene3946	29	17	17
gene3947	70	36	39
gene3948	14	7	7
gene3949	70	42	28
gene3950	46	26	20
gene3951	14	7	7
gene3952	67	32	35
gene3953	273	147	126
gene3954	496	240	256
gene3955	270	140	130
gene3956	570	258	312
gene3957	440	231	209
gene3958	74	44	41
gene3959	3	4	10
gene3960	5	3	2
gene3961	204	98	106
gene3962	40	29	19
gene3963	27	15	20
gene3964	19	7	12
gene3965	13	7	6
gene3966	3	1	2
gene3968	27	22	15
gene3969	85	37	58
gene3970	1	1	0
gene3971	42	22	20
gene3972	0	0	0
gene3973	2	2	0
gene3974	6	4	2
gene3975	4	2	2
gene3976	0	0	0
gene3977	17	12	5
gene3978	10	2	8
gene3979	0	0	0
gene3980	24	10	14
gene3981	5	3	2
gene3982	10	7	3
gene3983	12	5	7
gene3985	2	2	0
gene3987	10	5	5
gene3988	10	6	4
gene3989	2	1	1
gene3990	7	4	3
gene3991	10	5	5
gene3992	56	17	39
gene3994	110	55	55
gene3995	195	110	85
gene3996	823	424	399
gene3997	38	21	17
gene3998	5	3	2
gene4000	28	13	15
gene4001	50	24	26
gene4002	261	125	136
gene4003	36	15	21
gene4004	19	8	11
gene4005	39	17	22
gene4006	127	64	63
gene4007	66	32	34
gene4009	6	3	3
gene4010	44	23	38
gene4011	9	11	15
gene4012	44	21	27
gene4013	22	15	11
gene4014	26	14	12
gene4015	1167	591	576
gene4016	2002	1044	958
gene4017	853	425	428
gene4018	16	3	13
gene4019	48	13	35
gene4020	20	9	11
gene4021	33	20	13
gene4022	37	18	19
gene4023	43	22	21
gene4024	143	71	85
gene4025	7	7	13
gene4026	135	71	64
gene4027	306	142	165
gene4028	38	19	20
gene4029	9	1	8
gene4030	8	5	3
gene4031	16	10	6
gene4032	16	7	12
gene4033	21	7	17
gene4035	0	0	0
gene4036	3	3	0
gene4038	32	14	20
gene4039	23	13	12
gene4040	5	10	6
gene4041	539	268	283
gene4042	23	11	13
gene4043	536	261	275
gene4044	35	14	21
gene4045	30	14	16
gene4048	3	1	3
gene4049	4	5	0
gene4050	5	4	2
gene4051	22	10	13
gene4052	8	4	4
gene4053	1	0	1
gene4054	13	4	9
gene4055	1	0	1
gene4056	3	3	1
gene4057	10	7	4
gene4058	1	1	0
gene4059	38	21	17
gene4060	52	29	23
gene4061	14	4	10
gene4062	149	74	75
gene4063	37	13	24
gene4064	6	2	4
gene4065	22	15	7
gene4066	824	409	415
gene4067	55	36	19
gene4068	106	57	50
gene4069	19	13	7
gene4070	24	10	14
gene4071	60	32	28
gene4072	48	31	37
gene4073	8	14	10
gene4074	48	28	20
gene4075	14	7	7
gene4076	29	21	8
gene4077	38	20	18
gene4078	22	10	12
gene4079	8672	4420	4252
gene4080	1726	924	802
gene4081	156	81	75
gene4082	55	32	36
gene4083	192	99	108
gene4084	6	5	3
gene4085	37	15	22
gene4086	5	1	4
gene4089	0	0	0
gene4091	21	10	11
gene4092	0	0	0
gene4093	10	4	6
gene4094	120	46	74
gene4095	112	51	61
gene4097	28	12	16
gene4098	38	16	25
gene4099	99	54	48
gene4100	77	38	39
gene4101	270	145	125
gene4102	1620	807	813
gene4103	7	4	3
gene4104	370	189	181
gene4105	1003	508	495
gene4106	208	95	113
gene4107	25	11	14
gene4108	63	27	36
gene4109	196	108	88
gene4110	35	15	20
gene4111	52	29	23
gene4112	107	47	60
gene4113	82	34	48
gene4114	128	67	61
gene4115	148	80	68
gene4116	80	36	44
gene4117	12	7	5
gene4118	81	38	43
gene4119	45	23	22
gene4120	50	27	25
gene4121	327	151	178
gene4122	12	3	9
gene4123	37	24	13
gene4124	93	48	45
gene4125	24	10	14
gene4126	36	19	17
gene4127	280	141	139
gene4128	667	357	310
gene4129	16	9	10
gene4130	153	79	77
gene4131	169	83	86
gene4132	84	43	41
gene4133	116	55	62
gene4134	330	174	157
gene4135	193	96	97
gene4136	62	39	24
gene4137	45	27	19
gene4138	165	77	88
gene4139	137	69	68
gene4140	85	41	44
gene4141	304	145	159
gene4142	22	14	8
gene4143	19	9	10
gene4144	156	74	82
gene4145	44	15	29
gene4146	80	35	45
gene4147	112	60	52
gene4148	85	43	42
gene4149	31	13	18
gene4150	22	7	15
gene4151	100	48	52
gene4152	125	54	71
gene4153	244	121	123
gene4154	104	51	53
gene4155	54	29	25
gene4156	74	49	25
gene4157	17	9	8
gene4158	3	1	2
gene4159	0	0	0
gene4160	0	0	1
gene4161	2	2	1
gene4162	12	5	7
gene4163	2	0	2
gene4164	592	283	328
gene4165	97	74	74
gene4166	668	339	361
gene4167	43	23	20
gene4168	60	32	28
gene4169	5	2	3
gene4170	87	45	42
gene4171	19	8	11
gene4172	14	7	7
gene4173	78	48	30
gene4174	513	261	252
gene4175	69	36	33
gene4176	470	221	249
gene4177	344	189	155
gene4178	28	8	20
gene4179	17	6	11
gene4180	21	21	13
gene4181	34	22	25
gene4182	31	15	16
gene4183	25	16	9
gene4184	48	23	25
gene4185	2	2	0
gene4186	33	17	16
gene4187	571	286	285
gene4188	645	319	326
gene4189	163	86	77
gene4190	102	60	42
gene4191	1081	539	542
gene4192	440	208	232
gene4193	83	31	52
gene4196	51	28	23
gene4197	197	92	105
gene4198	417	214	203
gene4199	138	78	60
gene4200	1413	693	720
gene4201	94	45	52
gene4202	59	40	28
gene4203	128	70	64
gene4204	1105	532	573
gene4205	674	337	337
gene4206	353	174	179
gene4207	1034	518	516
gene4208	8309	4233	4076
gene4209	1190	620	570
gene4210	150	77	73
gene4211	93	81	94
gene4212	124	110	96
gene4213	5	4	1
gene4214	10	9	1
gene4215	20	13	7
gene4216	34	20	14
gene4217	24	6	18
gene4219	35	18	17
gene4220	3	0	3
gene4221	1	0	1
gene4222	23	15	8
gene4223	109	58	51
gene4224	19	8	11
gene4225	22	14	8
gene4226	61	37	24
gene4227	26	13	13
gene4228	22	9	13
gene4229	1	0	1
gene4230	14	7	7
gene4231	474	210	264
gene4232	7	0	7
gene4233	2	2	0
gene4234	19	14	5
gene4236	13	7	6
gene4237	17	9	8
gene4238	3	1	2
gene4239	15	7	8
gene4240	25	18	7
gene4241	14	4	10
gene4242	8	4	4
gene4243	51	22	29
gene4244	23	15	10
gene4245	3	3	2
gene4246	12	5	7
gene4247	70	46	28
gene4248	12	8	8
gene4249	38	20	18
gene4250	14	6	8
gene4251	9	6	3
gene4252	91	58	33
gene4253	13	5	8
gene4254	38	23	15
gene4255	82	38	44
gene4256	26	10	16
gene4257	72	34	38
gene4258	14	6	8
gene4259	86	41	45
gene4260	187	98	89
gene4261	323	152	171
gene4262	176	89	87
gene4263	382	207	175
gene4264	228	125	103
gene4265	97	57	40
gene4266	84	48	36
gene4267	97	43	54
gene4268	134	64	70
gene4269	1	0	1
gene4270	20	11	9
gene4271	6	3	3
gene4272	3	0	3
gene4273	12	4	8
gene4274	0	0	0
gene4275	312	134	178
gene4276	9	4	5
gene4277	2	0	2
gene4278	40	19	21
gene4279	16	4	12
gene4280	10	4	6
gene4281	16	8	8
gene4282	155	71	84
gene4283	5	5	1
gene4284	234	120	115
gene4285	26	15	11
gene4286	3	2	1
gene4287	1	4	0
gene4288	1	1	3
gene4289	27	16	11
gene4290	508	255	253
gene4291	196	93	103
gene4292	60	34	26
gene4293	6	3	3
gene4294	12	9	6
gene4295	210	88	126
gene4296	52	34	19
gene4297	119	63	56
gene4298	116	58	58
gene4299	20	12	8
gene4300	11	9	2
gene4301	31	16	15
gene4302	27	9	18
gene4303	27	7	20
gene4304	71	35	36
gene4305	107	59	48
gene4306	46	28	18
gene4307	52	36	16
gene4308	171	91	80
gene4309	169	78	91
gene4310	49	24	25
gene4311	29	17	12
gene4312	31	15	16
gene4313	99	45	54
gene4314	59	20	39
gene4315	121	66	55
gene4316	37	18	19
gene4317	114	53	61
gene4318	215	117	98
gene4319	217	102	115
gene4320	310	164	146
gene4321	313	152	161
gene4322	91	39	52
gene4323	11	7	4
gene4324	14	7	7
gene4325	11	8	3
gene4326	16	4	12
gene4328	16	7	9
gene4329	566	294	272
gene4330	46	24	22
gene4331	6	3	3
gene4332	113	62	51
gene4333	5	7	13
gene4334	111	61	65
gene4335	38	20	18
gene4336	68	28	40
gene4337	1	0	1
gene4338	4	4	0
gene4339	77	41	38
gene4340	0	1	1
gene4341	21	11	10
gene4342	28	12	16
gene4344	6	3	3
gene4345	6	1	5
gene4346	88	43	45
gene4347	52	31	21
gene4348	41	23	18
gene4349	36	18	18
gene4350	103	58	47
gene4351	19	11	10
gene4352	63	33	30
gene4353	10	4	6
gene4354	22	9	13
gene4355	28	14	14
gene4356	66	41	25
gene4357	66	41	25
gene4358	30	23	19
gene4359	38	26	24
gene4360	47	27	20
gene4361	326	168	158
gene4362	14	7	7
gene4363	31	15	16
gene4364	1	0	1
gene4365	9	7	2
gene4366	5	5	0
gene4367	0	0	0
gene4368	14	6	8
gene4369	14	7	7
gene4370	23	11	12
gene4371	35	24	19
gene4372	40	22	26
gene4373	98	54	44
gene4374	16	9	7
gene4375	15	5	10
gene4376	47	14	33
gene4377	91	51	46
gene4378	69	36	39
gene4379	33	23	16
gene4380	20	17	9
gene4381	224	106	118
gene4382	146	75	71
gene4383	18	8	10
gene4384	35	24	11
gene4385	22	7	15
gene4386	220	113	107
gene4387	41	22	27
gene4388	2	5	5
gene4389	159	87	72
gene4390	231	109	122
gene4391	51	24	27
gene4392	100	50	50
gene4393	99	50	54
gene4394	10	10	5
gene4395	7	4	3
gene4396	398	194	204
gene4397	89	37	52
gene4398	82	43	39
gene4399	7	3	4
gene4400	109	67	42
gene4401	166	72	94
gene4402	47	27	20
gene4403	25	16	9
gene4404	369	185	184
gene4405	13	5	8
gene4406	70	30	40
gene4407	57	23	34
gene4408	14	5	9
gene4409	48	23	25
gene4410	47	26	21
gene4411	21	16	5
gene4412	24	12	12
gene4413	150	82	69
gene4414	10	4	7
gene4415	14	6	8
gene4416	40	19	21
gene4417	22	13	12
gene4418	42	19	26
gene4419	4	2	3
gene4420	0	0	1
gene4421	13	10	8
gene4422	19	11	13
gene4423	103	38	65
gene4424	53	31	22
gene4425	35	12	23
gene4426	175	89	86
gene4427	5	2	3
gene4428	8	4	5
gene4429	28	12	17
gene4430	139	61	78
gene4431	16	7	9
gene4432	30	23	28
gene4433	41	34	28
gene4434	1	1	0
gene4435	15	7	8
gene4436	19	7	12
gene4437	20	9	11
gene4438	33	16	17
gene4439	6	4	2
gene4440	3	3	0
gene4441	9	6	3
gene4442	7	4	3
gene4443	33	14	19
gene4444	89	37	52
gene4445	193	98	95
gene4446	495	234	261
gene4447	80	34	46
gene4448	78	44	34
gene4449	32	19	13
gene4450	23	10	13
gene4451	214	120	94
gene4452	196	92	104
gene4453	57	23	34
gene4454	8	6	4
gene4455	6	2	6
gene4456	7	1	6
gene4457	1	1	0
gene4458	3	1	2
gene4459	32	17	15
gene4460	25	13	12
gene4461	23	7	16
gene4462	41	17	24
gene4463	43	20	23
gene4464	12	6	6
gene4465	22	13	9
gene4466	4	3	1
gene4467	6	1	5
gene4468	7	5	2
gene4469	16	9	7
gene4470	37	19	18
gene4471	9	7	2
gene4472	8	4	4
gene4473	8	4	4
gene4474	9	6	3
gene4475	6	3	3
gene4476	14	10	4
gene4477	33	20	13
gene4478	32	17	15
gene4479	32	16	16
gene4480	25	13	12
gene4481	218	105	114
gene4482	3	1	3
gene4483	61	47	26
gene4484	630	318	324
gene4485	0	0	0
gene4486	39	17	24
gene4487	26	14	14
gene4488	7	1	6
gene4489	10	7	4
gene4490	1	1	1
gene4491	59	22	37
gene4492	28	9	19
gene4493	39	24	15
gene4494	5	4	1
gene4495	34	9	25
gene4496	49	27	23
gene4497	20	12	9
gene4498	3	2	1
gene4499	3	0	3
gene4500	3	1	2
gene4501	9	10	8
gene4502	23	17	15
gene4503	89	42	47
gene4504	75	39	36
gene4505	88	47	41
gene4506	128	71	57
gene4507	303	145	158
gene4508	157	85	72
gene4509	100	49	51
gene4510	22	9	13
gene4511	49	24	25
gene4512	26	13	13
gene4513	63	42	34
gene4514	17	16	14
gene4515	3	2	1
gene4516	30	16	14
gene4517	31	17	14
gene4518	60	35	25
gene4519	23	9	14
gene4520	635	324	311
gene4521	67	30	37
gene4522	80	39	41
gene4523	36	21	16
gene4524	9	5	5
gene4525	22	11	11
gene4526	16	12	4
gene4527	7	3	4
gene4528	13	3	10
gene4529	3	3	0
gene4530	1	1	0
gene4531	34	15	19
gene4532	1	0	1
gene4533	3	3	0
gene4534	3	2	1
gene4535	1	1	0
gene4536	4	3	1
gene4537	56	33	23
gene4538	34	23	11
gene4539	180	83	97
gene4540	148	65	83
gene4541	161	77	84
gene4543	2	1	1
gene4544	5	1	4
gene4545	0	0	0
gene4546	4	1	3
gene4547	27	13	14
gene4548	41	21	20
gene4549	83	41	42
gene4550	78	36	42
gene4551	25	14	11
gene4552	48	26	22
gene4553	52	22	30
gene4554	9	7	2
gene4555	6	1	5
gene4556	18	10	8
gene4557	45	25	20
gene4558	32	19	13
gene4559	30	17	23
gene4560	48	37	21
gene4561	0	1	1
gene4562	30	15	17
gene4564	101	61	40
gene4565	281	149	132
gene4566	196	88	108
gene4567	7	0	7
gene4568	510	238	272
gene4569	1472	748	724
gene4570	882	435	447
gene4571	501	244	257
gene4572	505	262	243
gene4573	155	77	78
gene4574	1023	508	515
gene4575	370	202	168
gene4576	48	20	28
gene4577	365	180	185
gene4578	277	141	136
gene4579	588	307	281
gene4580	468	256	212
gene4581	294	146	148
gene4582	580	290	290
gene4583	173	82	91
gene4584	332	159	173
gene4585	178	103	75
gene4586	42	21	21
gene4587	442	234	208
gene4588	575	304	271
gene4589	351	181	170
gene4590	224	108	116
gene4591	960	463	497
gene4592	156	80	76
gene4593	872	443	429
gene4594	1044	474	570
gene4595	718	334	384
gene4596	2667	1322	1345
gene4597	2332	1164	1168
gene4598	854	435	419
gene4599	686	336	350
gene4600	3598	1784	1814
gene4601	3331	1722	1609
gene4602	510	236	274
gene4603	865	426	439
gene4604	572	273	299
gene4605	518	254	264
gene4606	172	87	85
gene4607	53	25	28
gene4612	22	14	8
gene4613	19	11	8
gene4614	106	47	59
gene4620	97	51	46
gene4621	34	16	19
gene4622	6	3	4
gene4623	10	2	8
gene4624	30	17	13
gene4625	22	8	14
gene4626	7	3	4
gene4627	3	1	2
gene4628	7	2	5
gene4629	93	53	40
gene4630	22	11	12
gene4631	4	0	5
gene4632	12	1	11
gene4633	5	1	4
gene4634	3	1	2
gene4635	4	3	1
gene4636	2	1	1
gene4637	19	8	11
gene4638	55	31	24
gene4639	69	36	33
gene4640	16	13	3
gene4641	16	12	8
gene4642	56	25	35
gene4643	15	5	10
gene4644	17	8	9
gene4645	375	191	184
gene4646	40	22	18
gene4647	240	120	120
gene4648	3	2	2
gene4649	368	205	191
gene4650	59	42	44
gene4651	4	2	2
gene4652	35	16	20
gene4653	34	21	14
gene4654	19	12	7
gene4655	12	6	6
gene4656	47	20	27
gene4657	34	16	18
gene4658	28	26	14
gene4659	23	16	19
gene4660	16	9	7
gene4661	14	6	8
gene4662	17	5	12
gene4663	80	38	42
gene4664	55	31	25
gene4665	6	5	2
gene4666	49	29	20
gene4667	193	101	92
gene4668	248	120	128
gene4669	51	25	26
gene4670	23	8	15
gene4671	56	33	23
gene4672	38	15	23
gene4673	11	5	6
gene4674	280	153	127
gene4675	1	1	0
gene4676	1	1	1
gene4677	29	13	17
gene4678	10	6	4
gene4679	18	13	5
gene4680	2	1	1
gene4681	6	6	0
gene4682	6	3	3
gene4683	3	3	0
gene4684	5	3	2
gene4685	2	0	2
gene4686	1	1	0
gene4687	0	0	0
gene4688	14	8	6
gene4691	2	1	1
gene4692	20	6	15
gene4693	13	4	10
gene4694	61	34	27
gene4695	26	12	14
gene4696	15	8	7
gene4697	0	0	0
gene4698	8	6	3
gene4699	8	3	6
gene4701	33	16	17
gene4702	28	13	15
gene4703	312	162	150
gene4704	85	39	46
gene4705	38	21	17
gene4706	13	7	6
gene4707	93	44	49
gene4708	60	24	36
gene4709	10	6	4
gene4710	74	43	31
gene4711	130	58	74
gene4712	10	4	8
gene4713	13	3	10
gene4714	564	276	288
gene4715	1	0	1
gene4717	3022	1544	1478
gene4718	42	23	19
gene4719	37	18	19
gene4720	66	30	36
gene4721	61	31	30
gene4722	177	110	67
gene4723	634	317	318
gene4724	26	12	15
gene4725	6	5	1
gene4726	12	4	8
gene4727	8	4	4
gene4728	9	4	5
gene4729	6	3	3
gene4730	12	7	5
gene4731	12	6	6
gene4732	7	2	6
gene4733	75	34	42
gene4734	43	20	23
gene4735	42	20	31
gene4736	212	120	101
gene4737	3	0	3
gene4738	19	10	11
gene4739	23	14	18
gene4740	9	6	10
gene4741	43	24	19
gene4742	13	5	18
gene4743	6	11	5
gene4744	8	3	5
gene4745	20	11	9
gene4746	12	6	6
gene4748	0	0	0
gene4749	80	46	34
gene4750	38	20	18
gene4751	66	34	32
gene4752	12	8	4
gene4753	6	1	5
gene4754	0	0	0
gene4755	16	8	8
gene4756	12	8	4
gene4757	20	12	8
gene4758	56	26	30
gene4759	6	3	3
gene4760	74	44	49
gene4761	60	34	45
gene4762	36	19	19
gene4763	50	29	23
gene4764	1	0	1
gene4765	4	3	1
gene4766	9	3	6
gene4767	3	2	1
gene4768	1147	577	570
gene4769	1114	551	563
gene4770	119	59	60
gene4771	37	17	20
gene4772	38	23	15
gene4773	21	9	12
gene4774	28	13	19
gene4775	37	22	19
gene4776	45	13	32
gene4777	9	4	5
gene4778	8	4	4
gene4779	36	22	14
gene4780	445	239	206
gene4781	68	38	30
gene4782	69	39	30
gene4783	155	70	85
gene4784	111	61	50
gene4785	104	45	59
gene4786	34	18	16
gene4787	47	21	26
gene4788	56	36	29
gene4789	181	101	89
gene4790	27	11	16
gene4791	108	51	57
gene4792	12	16	15
gene4793	19	24	14
gene4794	80	46	34
gene4795	96	44	52
gene4796	16	10	6
gene4797	85	48	39
gene4798	38	26	14
gene4800	70	35	35
gene4801	76	42	34
gene4802	70	41	29
gene4803	145	75	70
gene4804	175	98	91
gene4805	131	66	79
gene4806	11	7	4
gene4807	13	3	10
gene4808	18	10	8
gene4809	22	6	16
gene4810	9	0	9
gene4811	6	2	4
gene4812	5	1	4
gene4813	4	2	2
gene4815	5	2	3
gene4816	26	13	13
gene4817	16	9	8
gene4818	410	203	208
gene4820	28	14	14
gene4821	211	99	112
gene4822	71	31	40
gene4823	863	444	419
gene4824	10	6	4
gene4825	147	75	72
gene4827	20	16	17
gene4828	29	23	19
gene4829	21	8	13
gene4830	16	6	10
gene4831	5	5	0
gene4832	4	4	0
gene4833	7	4	3
gene4834	32	14	18
gene4835	179	90	89
gene4836	14	8	6
gene4838	0	0	0
gene4840	4	3	1
gene4841	1	1	0
gene4842	38	15	27
gene4843	18	13	9
gene4844	1	1	0
gene4846	81	33	48
gene4847	777	392	385
gene4848	113	45	68
gene4849	856	439	417
gene4850	2	0	2
gene4851	8	6	2
gene4852	5	1	4
gene4853	0	0	0
gene4854	20	7	13
gene4855	96	46	52
gene4856	91	37	56
gene4857	9	6	3
gene4858	14	6	8
gene4859	10	5	5
gene4860	18	8	10
gene4861	113	61	52
gene4862	31	18	13
gene4863	16	7	9
gene4864	22	11	11
gene4865	21	9	12
gene4866	49	29	20
gene4867	77	43	34
gene4868	63	24	39
gene4869	62	34	28
gene4871	1092	577	515
gene4872	9	8	7
gene4873	6	5	7
gene4874	101	52	49
gene4875	105	56	49
gene4876	214	100	114
gene4877	54	35	21
gene4878	84	43	54
gene4879	14	14	11
gene4880	0	0	0
gene4881	49	27	22
gene4882	35	18	17
gene4884	40	21	19
gene4885	180	93	87
gene4886	310	154	156
gene4887	340	160	181
gene4888	39	23	17
gene4889	7	2	6
gene4890	20	22	7
gene4891	45	22	31
gene4892	72	38	34
gene4893	86	48	38
gene4894	71	37	34
gene4895	130	56	74
gene4896	164	86	78
gene4897	272	120	152
gene4898	98	50	48
gene4899	259	144	115
gene4900	263	125	138
gene4901	10	3	8
gene4902	5	1	5
gene4904	0	0	0
gene4905	2	0	2
gene4906	2	2	0
gene4907	9	6	3
gene4908	13	9	4
gene4909	547	292	255
gene4910	2	1	1
gene4911	1	1	0
gene4912	3	1	2
gene4913	8	10	8
gene4914	17	19	11
gene4915	265	112	156
gene4916	24	13	11
gene4917	47	24	23
gene4918	398	204	194
gene4919	60	32	28
gene4920	319	171	148
gene4921	55	43	23
gene4922	17	3	25
gene4923	29	17	12
gene4924	101	40	61
gene4925	143	79	64
gene4926	25	14	11
gene4927	117	57	60
gene4928	125	67	58
gene4929	167	85	82
gene4930	206	117	89
gene4931	248	126	122
gene4932	54	23	31
gene4933	22	9	13
gene4935	11	4	7
gene4936	20	8	12
gene4937	17	10	7
gene4938	29	20	16
gene4939	59	41	25
gene4940	35	18	17
gene4941	129	63	66
gene4943	18	12	6
gene4944	20	7	13
gene4945	9	5	4
gene4946	6	2	4
gene4948	5	2	3
gene4949	1	0	1
gene4950	4	2	2
gene4952	3	2	1
gene4953	4	3	1
gene4954	2	1	1
gene4955	13	6	7
gene4956	4	3	1
gene4957	2	0	2
gene4958	1	0	1
gene4959	2	1	1
gene4960	0	0	0
gene4961	1	0	1
gene4962	4	3	1
gene4963	1	0	1
gene4964	1	0	1
gene4965	0	0	0
gene4966	2	1	1
gene4967	0	0	0
gene4968	0	0	0
gene4969	0	0	0
gene4971	2	1	1
gene4972	1	1	0
gene4973	0	0	0
gene4974	3	1	2
gene4975	13	5	8
gene4976	30	16	14
gene4977	12	6	6
gene4978	3	0	3
gene4979	14	11	3
gene4980	26	8	18
gene4981	35	21	14
gene4982	29	9	20
gene4983	69	32	37
gene4984	8	4	4
gene4985	23	13	10
gene4986	22	12	10
gene4987	197	101	96
gene4988	94	50	44
gene4989	7	1	6
gene4990	0	0	0
gene4991	0	0	0
gene4992	3	1	2
gene4993	2	1	1
gene4994	1	1	0
gene4995	3	0	5
gene4996	139	71	70
gene4997	226	106	129
gene4998	10	13	6
gene4999	21	12	9
gene5000	116	69	68
gene5001	29	26	24
gene5002	139	69	70
gene5003	117	63	54
gene5004	92	53	39
gene5005	115	53	62
gene5006	26	12	14
gene5007	41	20	21
gene5008	82	45	37
gene5009	97	50	47
gene5010	289	145	144
gene5011	6	2	4
gene5012	12	7	5
gene5013	18	11	7
gene5014	37	20	17
gene5015	29	9	20
gene5016	70	39	31
gene5017	16	8	8
gene5018	38	15	23
gene5019	34	21	13
gene5020	19	9	10
gene5021	26	11	15
gene5022	47	22	25
gene5023	134	62	72
gene5024	350	171	179
gene5025	28	8	20
gene5026	36	24	14
gene5027	5	4	3
gene5028	94	39	55
gene5029	104	54	50
gene5030	168	88	80
gene5032	48	16	32
gene5033	20	12	8
gene5034	8	4	4
gene5035	31	19	12
gene5036	1	1	0
gene5037	14	7	7
gene5038	21	8	13
gene5039	38	23	15
gene5041	60	29	31
gene5042	107	46	61
gene5043	38	20	18
gene5044	17	8	12
gene5045	8	5	6
gene5046	3	2	1
gene5047	5	2	3
gene5048	3	2	1
gene5049	0	0	0
gene5050	1	0	1
gene5051	14	3	11
gene5052	1	1	0
gene5053	1	0	1
gene5054	1	0	1
gene5055	134	59	75
gene5056	10	6	4
gene5057	4	3	2
gene5058	5	2	4
gene5059	54	24	30
gene5060	7	2	5
gene5061	6	3	3
gene5062	10	8	2
gene5063	52	29	23
gene5064	1	1	0
gene5065	91	48	43
gene5066	2	2	0
gene5067	16	9	7
gene5068	36	21	15
gene5069	16	8	8
gene5070	125	54	71
gene5071	324	157	167
gene5072	60	29	31
gene5073	46	22	24
gene5074	324	169	155
gene5075	35	17	18
gene5076	22	13	9
gene5077	0	0	0
gene5079	7	6	1
gene5080	0	0	0
gene5081	94	44	50
gene5082	13	6	8
gene5083	16	11	6
gene5084	13	7	6
gene5085	25	14	14
gene5086	194	103	95
gene5087	110	59	52
gene5088	136	65	71
gene5089	51	21	30
gene5090	8	4	4
gene5091	11	7	4
gene5092	27	10	17
gene5093	13	4	9
gene5099	4	4	0
gene5100	26	17	9
gene5101	1	1	0
gene5102	21	12	9
gene5103	281	151	130
gene5104	309	145	164
gene5105	62	33	29
gene5106	16	6	10
gene5107	41	17	24
gene5108	64	39	34
gene5109	14	12	11
gene5110	1	1	0
gene5111	16	9	7
gene5112	104	56	48
gene5113	23	15	8
gene5114	13	8	5
gene5115	20	9	11
gene5116	27	18	9
gene5117	5	4	1
gene5118	53	23	30
gene5119	28	17	11
gene5120	23	7	16
gene5121	57	28	29
gene5122	32	12	20
gene5123	22	14	8
gene5124	19	8	11
gene5125	4	4	0
gene5126	31	12	19
gene5127	26	12	14
gene5128	83	49	36
gene5129	22	17	7
gene5130	38	13	25
gene5131	138	57	81
gene5132	84	40	44
gene5133	4	2	2
gene5134	22	15	7
gene5135	56	26	30
gene5136	81	43	38
gene5137	48	28	24
gene5138	41	24	21
gene5139	71	32	39
gene5140	15	10	6
gene5141	23	15	9
gene5142	18	13	5
gene5143	78	49	30
gene5144	1140	601	540
gene5145	918	462	456
gene5146	12	5	7
gene5147	45	24	21
gene5148	0	0	0
gene5149	192	98	94
gene5150	591	294	297
gene5151	136	79	77
gene5152	62	34	48
gene5153	33	18	21
gene5154	22	13	15
gene5155	21	10	13
gene5156	29	16	19
gene5157	6	9	4
gene5158	17	8	12
gene5159	25	13	12
gene5160	2	2	0
gene5161	41	16	25
gene5162	21	8	13
gene5163	20	13	11
gene5164	67	37	34
gene5165	74	44	30
gene5166	14	8	6
gene5167	19	8	11
gene5168	42	26	16
gene5169	4	1	3
gene5170	452	216	236
gene5171	1	0	1
gene5172	13	4	9
gene5173	14	5	9
gene5174	29	10	19
gene5175	8	3	5
gene5176	5	1	4
gene5177	4	3	1
gene5178	13	8	5
gene5179	7	4	3
gene5180	3	2	1
gene5181	15	9	9
gene5182	9	7	5
gene5183	6	4	2
gene5184	2	2	0
gene5185	11	8	3
gene5186	1	0	1
gene5187	8	5	3
gene5188	36	21	22
gene5189	242	121	128
gene5190	218	98	120
gene5191	149	74	75
gene5192	138	69	69
gene5193	283	146	137
gene5194	420	216	204
gene5195	194	96	113
gene5196	19	20	14
gene5198	0	0	0
gene5199	11	5	6
gene5200	6	5	1
gene5204	1	0	1
gene5205	69	42	27
gene5206	9	5	4
gene5207	122	72	50
gene5208	145	74	71
gene5209	1445	722	723
gene5210	739	361	378
gene5211	1734	860	874
gene5212	615	307	308
gene5213	607	309	298
gene5214	282	136	146
gene5215	232	112	120
gene5216	5	2	3
gene5217	146	85	61
gene5218	146	74	72
gene5219	89	45	44
gene5220	303	153	150
gene5221	55	18	37
gene5222	313	160	153
gene5223	15	7	8
gene5224	46	31	15
gene5225	127	65	62
gene5226	0	0	0
gene5227	5	3	2
gene5228	50	25	25
gene5230	1	1	0
gene5231	0	0	0
gene5232	0	0	0
gene5233	0	0	0
gene5234	0	0	0
gene5235	2	1	1
gene5236	95	56	57
gene5237	0	8	5
gene5238	74	33	41
gene5240	3	2	1
gene5242	28	17	11
gene5243	34	15	19
gene5244	24	12	12
gene5245	61	19	42
gene5247	34	17	17
gene5248	38	28	23
gene5249	5	9	9
gene5251	18	14	9
gene5252	18	13	13
gene5253	124	73	55
gene5254	7	4	4
gene5255	6	3	3
gene5256	9	5	4
gene5257	223	127	129
gene5258	24	31	26
gene5259	11	10	11
gene5260	12	7	15
gene5261	15	8	7
gene5263	9	5	4
gene5265	2	1	1
gene5266	18	11	7
gene5268	280	141	142
gene5269	7	4	6
gene5270	3	3	0
gene5271	1	0	1
gene5273	97	64	35
gene5274	181	91	92
gene5275	26	15	11
gene5276	20	13	7
gene5277	19	11	8
gene5278	13	7	6
gene5279	6	5	1
gene5281	36	19	17
gene5282	146	76	70
gene5285	9	5	4
gene5286	9	6	3
gene5287	93	52	41
gene5288	291	158	133
gene5289	38	15	23
gene5290	71	28	43
gene5291	12	5	7
gene5292	63	36	27
gene5293	2	2	0
gene5294	28	14	14
gene5295	60	35	25
gene5296	16	12	4
gene5297	0	0	0
gene5298	0	0	0
gene5299	0	0	0
gene5300	0	0	0
gene5301	0	0	0
gene5302	39	22	17
gene5303	115	61	54
gene5306	85	45	40
gene5307	3	2	1
gene5309	1	1	0
gene5311	16	9	7
gene5313	120	64	56
gene5315	4	1	3
gene5316	0	0	0
gene5317	13	6	7
gene5318	9	5	7
gene5319	114	58	59
gene5320	57	35	22
gene5321	16	8	8
gene5322	5	2	3
gene5323	0	0	2
gene5324	25	12	15
gene5325	1	1	0
gene5326	0	0	0
gene5327	10	4	6
gene5328	71	36	35
gene5329	68	33	38
gene5330	46	23	26
gene5331	11	4	7
gene5332	59	36	23
gene5333	57	30	27
gene5334	84	40	44
gene5335	33	19	14
gene5336	39	18	21
gene5337	0	0	0
gene5338	23	11	12
gene5339	10	5	5
gene5340	1	0	1
gene5341	13	9	4
gene5342	1	1	0
gene5343	0	0	0
gene5344	2	0	2
gene5346	46	17	29
gene5348	26	15	11
gene5349	4	2	2
gene5351	21	9	12
gene5352	8	5	3
gene5353	260	133	127
gene5354	1	1	0
gene5355	127	56	82
gene5356	12	9	14
gene5358	0	0	0
gene5359	335	166	169
gene5360	0	0	0
gene5361	75	34	41
gene5362	95	44	51
gene5363	76	38	38
gene5364	237	139	98
gene5365	124	60	64
gene5366	58	38	27
gene5367	25	13	19
gene5368	266	120	146
gene5369	1	1	0
gene5370	6	4	2
gene5371	91	46	45
gene5372	5	1	4
gene5373	25	18	7
gene5374	49	26	23
gene5375	2	1	1
gene5376	0	0	0
gene5377	13	9	4
gene5378	17	13	4
gene5379	27	10	17
gene5380	0	0	0
gene5381	0	0	0
gene5382	0	0	0
gene5383	0	0	0
gene5384	0	0	0
gene5385	0	0	0
gene5386	9	3	6
gene5387	0	0	0
gene5388	0	0	0
gene5389	0	0	0
gene5390	0	0	0
gene5391	0	0	0
gene5392	0	0	0
gene5393	0	0	0
gene5394	0	0	0
gene5395	2	1	1
gene5396	0	0	0
gene5397	21	11	10
gene5398	2	2	0
gene5399	0	0	0
gene5400	1	1	0
gene5401	0	0	0
gene5402	0	0	0
gene5403	6	3	3
gene5404	11	5	6
gene5405	7	5	2
gene5406	10	6	4
gene5407	0	0	0
gene5408	0	0	0
gene5409	2	1	1
gene5410	14	5	9
gene5411	1	1	0
gene5412	4	2	2
gene5413	0	0	0
gene5414	0	0	0
gene5415	0	0	0
gene5416	2	1	1
gene5417	0	0	0
gene5418	7	2	5
gene5419	0	0	0
gene5420	0	0	0
gene5421	0	0	0
gene5422	0	0	0
gene5423	0	0	0
gene5424	0	0	0
gene5425	8	4	4
gene5426	0	0	0
gene5427	0	0	0
gene5428	0	0	0
gene5429	0	0	0
gene5430	0	0	0
gene5431	0	0	0
gene5432	0	0	0
gene5433	0	0	0
gene5434	0	0	0
gene5435	0	0	0
gene97	0	0	0
gene572	4	3	1
gene573	4	1	3
gene689	0	0	0
gene690	0	0	0
gene691	0	0	0
gene692	0	0	0
gene693	0	0	0
gene743	31	20	11
gene744	0	0	0
gene745	2	0	2
gene746	8	3	5
gene879	2	2	0
gene880	0	0	0
gene881	0	0	0
gene882	0	0	0
gene883	0	0	0
gene949	2	2	0
gene993	4	1	3
gene1300	0	0	1
gene1543	26	12	14
gene1574	2	0	2
gene1575	1	0	1
gene1667	9	5	4
gene1668	3	2	1
gene1669	1	1	0
gene1690	16	10	6
gene1691	2	2	0
gene1692	1	1	0
gene1848	5	2	3
gene1945	1	1	0
gene1946	5	3	2
gene1947	5	2	3
gene1948	0	0	0
gene2145	2	1	1
gene2333	3	2	1
gene2384	4	2	2
gene2403	3	1	3
gene2588	0	1	0
gene2987	0	0	0
gene3080	2	2	0
gene3133	0	0	0
gene3134	7	2	5
gene3135	0	0	0
gene3136	0	0	0
gene3137	0	0	0
gene3503	2	1	1
gene3509	0	0	0
gene3510	5	0	5
gene3511	20	6	14
gene3623	0	0	0
gene3624	5	2	3
gene3625	2	0	2
gene3626	1	0	1
gene3763	32	17	15
gene3764	21	12	9
gene3788	0	0	0
gene3789	0	0	0
gene3984	2	1	1
gene4194	5	3	2
gene4195	3	2	1
gene4218	23570	11793	11777
gene4608	8	5	3
gene4609	8	3	5
gene4610	1	1	0
gene4611	58	27	31
gene4615	0	0	0
gene4616	0	0	0
gene4617	0	0	0
gene4618	0	0	0
gene4619	1	1	0
gene4689	5	2	3
gene4690	3	2	1
gene4934	8	2	6
gene4947	0	0	0
gene5094	1	1	0
gene5095	2	2	0
gene5096	0	0	0
gene5097	0	0	0
gene5098	0	0	0
